version: 1
creator: callgrind-3.6.0.SVN-Debian
pid: 21506
cmd:  ./a.out
part: 1


desc: I1 cache: 
desc: D1 cache: 
desc: L2 cache: 

desc: Timerange: Basic block 0 - 25787573
desc: Trigger: Program termination

positions: line
events: Ir
summary: 241309411


ob=(7) /usr/lib/libstdc++.so.6.0.13
fl=(52) ???
fn=(600) 0x000000000005a4c0
0 10
cob=(4) /lib/libc-2.11.1.so
cfi=(79) /build/buildd/eglibc-2.11.1/stdlib/cxa_finalize.c
cfn=(588) __cxa_finalize
calls=1 31 
0 112
cob=(1) /lib/ld-2.11.1.so
cfi=(53) /build/buildd/eglibc-2.11.1/elf/../sysdeps/x86_64/dl-trampoline.S
cfn=(354) _dl_runtime_resolve
calls=1 30 
0 1310
0 13

fn=(610) 0x0000000000072390
0 4

fn=(292) 0x00000000000c3ba0
0 1

fn=(320) 0x0000000000087050
0 49

fn=(368) 0x000000000005fef0
0 1

fn=(370) 0x000000000005c2d0
0 57

fn=(294) 0x00000000000ac590
0 49

fn=(280) 0x00000000000c9500
0 11

fn=(290) 0x00000000000c8ea0
0 52

fn=(366) 0x00000000000639f0
0 1

fn=(612) 0x0000000000072380
0 4

fn=(270) 0x000000000005a540
0 6

fn=(264) 0x000000000005a4a0
0 6

fn=(276) 0x00000000000d1200
0 11
cfn=(280)
calls=1 0 
0 11
0 16
cfn=(370)
calls=1 0 
0 57
cfn=(368)
calls=1 0 
0 1
cfn=(366)
calls=1 0 
0 1
cfn=(346) 0x0000000000072400
calls=1 0 
0 1417
cfn=(320)
calls=1 0 
0 49
cfn=(294)
calls=1 0 
0 49
cfn=(292)
calls=1 0 
0 1
cfn=(290)
calls=1 0 
0 52
0 31

fn=(346)
0 8
cob=(4)
cfi=(55) /build/buildd/eglibc-2.11.1/stdlib/cxa_atexit.c
cfn=(360) __cxa_atexit
calls=1 57 
0 62
cob=(1)
cfi=(53)
cfn=(354)
calls=1 30 
0 1278
0 7
cob=(4)
cfi=(55)
cfn=(360)
calls=1 57 
0 62

ob=(5) /lib/libgcc_s.so.1
fl=(50) ???
fn=(642) 0x0000000000002da0
0 10
cob=(4)
cfi=(79)
cfn=(588)
calls=1 31 
0 69
cob=(1)
cfi=(53)
cfn=(354)
calls=1 30 
0 1310
0 13

fn=(230) 0x0000000000002e20
0 6

fn=(224) 0x0000000000002d80
0 6

fn=(236) 0x0000000000013390
0 11

ob=(4)
fl=(48) /build/buildd/eglibc-2.11.1/stdlib/bsearch.c
fn=(216) bsearch
27 390
+7 468
+2 196
+2 196
-2 196
+1 784
+1 392
cfi=(46) /build/buildd/eglibc-2.11.1/string/../sysdeps/x86_64/cacheinfo.c
cfn=(218) intel_02_known_compare
calls=196 152 
* 1358
+1 392
+2 70
+1 63
-8 211
+14 99
-14 12
+14 171

fl=(71) /build/buildd/eglibc-2.11.1/libio/getchar.c
fn=(488) getchar
37 162
-2 162
+2 2754
+1 969
fi=(70) /build/buildd/eglibc-2.11.1/libio/libioP.h
984 324
+1 1782
fe=(71)
41 486
-3 2
cfi=(65) /build/buildd/eglibc-2.11.1/libio/genops.c
cfn=(490) __uflow
calls=1 368 
* 208
* 2

fl=(81) /build/buildd/eglibc-2.11.1/posix/../sysdeps/unix/sysv/linux/_exit.c
fn=(672) _Exit
33 3
+2 2

fl=(44) /build/buildd/eglibc-2.11.1/string/../sysdeps/x86_64/multiarch/../strrchr.S
fn=(204) __GI_strrchr
26 1
+1 1
+1 1
+1 1
+1 1
+1 1
+1 1
+1 1
+1 1
+1 1
+1 1
+1 1
+1 1
+1 1
+1 1
+1 1
+1 1
+1 1
+1 1
+1 1
+1 1
+1 1
+1 1
+13 1
+1 1
+1 1
+1 1
+7 1
+1 1
+1 1
+1 1
+1 1
+1 1
+1 1

fl=(55)
fn=(362) __new_exitfn
73 3
+6 3
-6 3
+6 15
+2 15
+2 9
+1 10
-3 1
+10 1
-10 3
+13 4
+25 2
+1 2
-1 2
+1 2
-1 2
+7 2
+1 2
+3 4
-4 1
+1 1
+3 8
+3 9
-35 2
+14 1
+1 2
-32 2

fn=(360)
57 6
-22 3
+22 15
-22 3
cfn=(362)
calls=3 +38 
* 111
+2 9
+4 6
+3 3
-1 3
+2 3
+2 6
+12 18

fl=(60) /build/buildd/eglibc-2.11.1/setjmp/sigjmp.c
fn=(436) __sigjmp_save
30 1
-1 2
+1 2
+5 1
-5 1
+5 2

fl=(75) /build/buildd/eglibc-2.11.1/stdio-common/_itoa.c
fn=(544) _itoa_word
176 324
+10 162
+9 1134
+9 162

fl=(43) /build/buildd/eglibc-2.11.1/misc/init-misc.c
fn=(202) __init_misc
31 3
+1 1
-1 1
+1 4
+2 3
cfi=(44)
cfn=(204)
calls=1 -8 
* 34
+1 2
+3 3
+1 3
+2 4

fl=(57) /build/buildd/eglibc-2.11.1/csu/libc-start.c
fn=(408) (below main)
96 7
+10 1
-10 3
+10 3
+52 1
-52 1
+52 1
+1 4
cfi=(55)
cfn=(360)
calls=1 57 
* 62
+22 4
+3 2
+1 5
cob=(8) /home/jirka/testc/sudoku/a.out
cfi=(56) ???
cfn=(410) __libc_csu_init
calls=1 0 
* 54
+4 4
+15 2
+9 2
cfi=(58) /build/buildd/eglibc-2.11.1/setjmp/../sysdeps/x86_64/bsd-_setjmp.S
cfn=(432) _setjmp
calls=1 34 
* 29
+1 2
+5 2
+1 2
+3 2
+3 5
cob=(8)
cfi=(61) /home/jirka/testc/sudoku/main.cpp
cfn=(438) main
calls=1 453 
* 240034808
+32 2
cfi=(77) /build/buildd/eglibc-2.11.1/stdlib/exit.c
cfn=(554) exit
calls=1 49 
* 6685
106 2

fl=(77)
fn=(554)
49 5
-7 3
+36 3
-32 1
+32 1
-32 1
+32 3
-32 1
+32 1
-32 1
+3 6
+1 21
-4 4
+37 1
+1 1
-1 1
+1 1
+7 6
cfi=(65)
cfn=(662) _IO_cleanup
calls=1 1007 
* 261
* 3
+2 3
cfi=(81)
cfn=(672)
calls=1 -60 
* 5
-19 1
+4 1
-4 2
+4 1
-2 2
+2 1
cob=(1)
cfi=(78) /build/buildd/eglibc-2.11.1/elf/dl-fini.c
cfn=(556) _dl_fini
calls=1 +43 
* 6343
* 1

fl=(45) /build/buildd/eglibc-2.11.1/elf/soinit.c
fn=(660) __libc_fini
19 1
+17 1
-17 2
+20 2

fn=(206) __libc_global_ctors
19 1
+7 1
-7 5
+1 1
cfi=(46)
cfn=(208) init_cacheinfo
calls=1 487 
* 6258
-1 1
+1 1
cfi=(49) /build/buildd/eglibc-2.11.1/elf/dl-altinit.c
cfn=(220) dlinit_alt
calls=1 +13 
* 4
-1 6
+10 2

fl=(74) /build/buildd/eglibc-2.11.1/string/../sysdeps/x86_64/strchrnul.S
fn=(542) strchrnul
27 162
+1 162
+1 162
+1 162
+1 162
+1 162
+1 162
+1 162
+1 162
+1 162
+1 162
+1 162
+1 162
+1 162
+1 162
+1 162
+1 162
+1 162
+1 162
+1 162
+12 162
+1 162
+1 162

fl=(49)
fn=(220)
33 3
+1 1

fl=(39) /build/buildd/eglibc-2.11.1/csu/../sysdeps/unix/sysv/linux/x86_64/../init-first.c
fn=(194) _init
52 6
+6 1
-6 2
+6 2
+17 1
-2 1
+1 1
fi=(41) /build/buildd/eglibc-2.11.1/csu/../sysdeps/unix/sysv/linux/x86_64/init-first.c
-41 2
fe=(39)
+42 1
fi=(41)
-42 2
fi=(40) /build/buildd/eglibc-2.11.1/csu/../sysdeps/generic/dl-hash.h
+2 3
fe=(39)
+32 1
-9 1
+9 4
fi=(40)
-29 1
-1 2
+1 3
+3 1
-1 3
+1 3
fi=(41)
-8 2
+2 2
-2 1
+2 1
cfi=(42) /build/buildd/eglibc-2.11.1/elf/../sysdeps/unix/sysv/linux/dl-vdso.c
cfn=(200) _dl_vdso_vsym
calls=1 -8 
* 8
+8 1
-5 2
+5 1
-5 1
+2 2
+1 1
+2 1
cfi=(42)
cfn=(200)
calls=1 -16 
* 8
fe=(39)
+46 3
fi=(41)
-45 2
+1 1
fe=(39)
+44 1
cfi=(43)
cfn=(202)
calls=1 -58 
* 58
+8 1
cfi=(45)
cfn=(206)
calls=1 -78 
* 6280
+2 6
fi=(40)
-55 1
-1 3
+1 3
+2 4
+1 5
+3 4
-3 1
+4 2
+13 1
+1 2
-18 2
+3 12
-3 3
+4 6
+13 3
+1 6
-18 8
fe=(39)

fl=(62) /build/buildd/eglibc-2.11.1/libio/ioputs.c
fn=(448) puts
35 10
+2 2
cfi=(63) /build/buildd/eglibc-2.11.1/string/../sysdeps/x86_64/multiarch/../strlen.S
cfn=(450) __GI_strlen
calls=2 -11 
* 38
+1 2
-1 2
+1 34
+3 7
+2 5
cfi=(64) /build/buildd/eglibc-2.11.1/libio/fileops.c
cfn=(452) _IO_file_xsputn@@GLIBC_2.2.5
calls=1 1296 
* 977
* 5
cfi=(64)
cfn=(452)
calls=1 1296 
* 144
-3 2
+3 2
-3 2
fi=(70)
984 4
+1 22
fe=(62)

ob=(1)
fl=(10) /build/buildd/eglibc-2.11.1/elf/../misc/sbrk.c
fn=(20) sbrk
35 3
+8 1
-8 1
+8 5
+4 2
+11 5

fl=(6) /build/buildd/eglibc-2.11.1/elf/dl-lookup.c
fn=(154) check_match.12169
132 7026
+1 2342
+2 2342
+2 5855
+10 3513
+3 2342
+5 1171
-1 1171
+1 1171
-1 1171
+1 1171
+2 2338
+19 2338
+1 5845
+1 1169
-1 2338
+1 3507
cfi=(16) /build/buildd/eglibc-2.11.1/string/../sysdeps/x86_64/multiarch/../strcmp.S
cfn=(44) strcmp
calls=1169 63 
* 100520
-1 2338
+46 8197
-73 145
cfi=(16)
cfn=(44)
calls=29 -87 
* 2396
* 87
+55 6
+2 24
-72 2340

fn=(150) _dl_lookup_symbol_x
698 3549
459 1183
698 4732
459 1183
698 8281
459 5915
+1 2366
-1 1183
+1 3549
-1 3549
+1 89880
-1 44940
+1 134820
-1 137186
700 1183
+4 1183
+4 1183
-8 1183
+1 2366
+7 3521
+5 5915
+6 10647
+8 24
-8 60
+2 17745
cfn=(152) do_lookup_x
calls=1183 82 
* 499262
+3 2366
-5 1183
+33 2366
+23 3513
+1 7026
+35 4684
+14 3513
+3 3513
962 1171
833 1171
+1 1171
+1 9464
-81 84
+17 24
+1 12
+54 2

fn=(152)
82 11830
+1 1183
-6 1183
+5 2366
-5 10647
272 1183
-42 3549
+4 1183
-4 1183
+42 1183
-38 1183
98 1183
-3 1183
+1 1183
+2 1183
+3 1183
-3 1183
+3 1183
-3 2711
-3 2711
+1 2711
+2 2711
+3 2711
-3 2711
+3 2711
+4 7788
+4 7788
+4 7788
+7 11682
+4 3894
+1 3894
226 3894
124 7788
+1 7788
226 3894
+1 7788
+4 3894
+3 3894
-3 7788
+3 42834
+24 2723
+24 5446
444 8169
+1 2629
-1 7783
+4 10904
+4 9464
287 5752
+4 5054
+14 1171
-1 1171
+1 2342
+1 1171
445 520
cfi=(26) /build/buildd/eglibc-2.11.1/elf/dl-misc.c
cfn=(84) _dl_name_match_p
calls=104 301 
* 5280
-1 520
241 7410
+1 2470
+2 8582
+10 6026
-7 15990
+2 2342
+1 1171
-1 1171
+1 4684
-1 3513
+1 4684
cfn=(154)
calls=1171 132 
* 162863
+1 7026
+45 220
fi=(36) /build/buildd/eglibc-2.11.1/elf/../sysdeps/generic/dl-hash.h
65 4684
fe=(6)

fn=(10) _dl_setup_hash
843 7
+4 21
+5 7
+3 14
+2 7
-1 7
+3 21
+5 7
-4 7
+1 7
+3 7
-3 7
+7 7
-5 7
+1 7
+4 14
-7 7
+5 7
+2 21
+13 14

fl=(20) /build/buildd/eglibc-2.11.1/io/../sysdeps/unix/syscall-template.S
fn=(56) access
82 24
+1 6
+1 36

fn=(92) read
82 20
+1 5

fn=(90) open
82 52
+1 13
+1 42

fn=(104) close
82 24
+1 6

fl=(16)
fn=(44)
63 1678
+1 1678
+1 1678
+1 1374
+1 1374
+1 1374
+1 1374
cfn=(45) strcmp'2
calls=1374 -6 
* 99594
+5 304
+1 304
+1 304
+1 304

fn=(45)
63 13876
+1 13876
+1 13876
+1 13733
+1 13733
+1 13733
+1 13733
cfn=(45)
calls=12502 -6 
* 505991
+2 1231
+1 1231
+2 143
+1 143
+1 143
+1 143

fl=(54) /build/buildd/eglibc-2.11.1/elf/../elf/dl-runtime.c
fn=(356) _dl_fixup
73 10
+6 20
-6 10
+6 10
-6 30
+6 10
+1 10
-4 10
+3 10
-3 10
+4 10
+1 10
-1 50
+6 10
-5 10
-1 10
+6 10
+4 20
+4 30
+5 54
+1 27
+8 40
+7 20
+3 100
cfi=(6)
cfn=(150)
calls=10 698 
* 11143
* 10
+4 30
+4 40
+6 70
+8 10
+7 40
+4 30
fi=(5) /build/buildd/eglibc-2.11.1/elf/../sysdeps/x86_64/dl-machine.h
+85 10
fe=(54)
-81 60
-55 2

fl=(8) /build/buildd/eglibc-2.11.1/elf/../sysdeps/unix/sysv/linux/x86_64/brk.c
fn=(14) brk
29 1
+3 4
+2 2
-2 1
+2 1
+7 2

fl=(23) /build/buildd/eglibc-2.11.1/elf/dl-debug.c
fn=(68) _dl_debug_initialize
52 14
+5 7
-5 7
+5 14
+4 1
-1 1
+1 1
+1 2
-1 1
+1 3
+1 2
+4 7
-10 12

fn=(70) _dl_debug_state
77 2

fl=(78)
fn=(560) _dl_sort_fini
34 10
+1 1
-1 1
+1 1
+2 1
+2 2
+7 9
-7 3
+3 30
+4 30
+1 40
-1 75
+5 44
+2 15
+1 10
-1 30
+1 25
+3 46
+23 23
-24 132
+27 45
-32 70
-12 15
+76 8

fn=(556)
121 11
+22 8
+3 2
cfi=(2) /build/buildd/eglibc-2.11.1/elf/rtld.c
cfn=(558) rtld_lock_default_lock_recursive
calls=1 835 
* 2
+3 1
+3 2
+2 1
-2 1
+2 1
-2 4
+13 5
+16 3
+2 14
+2 14
+2 14
+1 7
+5 7
-4 7
-2 7
-6 21
+14 2
+4 2
+2 5
+9 1
-9 1
cfn=(560)
calls=1 34 
* 666
+9 2
cfi=(2)
cfn=(562) rtld_lock_default_unlock_recursive
calls=1 841 
* 2
* 3
+6 2
+2 3
-2 12
+2 18
+3 14
+3 21
+4 2
+7 12
+4 4
+2 3
+1 4
+1 4
cob=(4)
cfi=(45)
cfn=(660)
calls=1 19 
* 6
-1 4
+5 18
+1 15
cob=(2) ???
cfi=(13) ???
cfn=(640) 0x00000000051ce3c8
calls=1 0 
* 1406
cob=(2)
cfi=(13)
cfn=(620) 0x0000000004f7c7f8
calls=1 0 
* 1406
cob=(2)
cfi=(13)
cfn=(598) 0x0000000004cf5238
calls=1 0 
* 1449
cob=(2)
cfi=(13)
cfn=(574) 0x0000000004a22748
calls=1 0 
* 981
cob=(2)
cfi=(13)
cfn=(564) 0x0000000000401a08
calls=1 0 
* 22
+5 35
-39 7
+55 7
-55 21
-71 2
+71 1
-71 1
274 5
+6 2
+7 8
-62 12
+3 10
-61 2
+3 8

fl=(18) /build/buildd/eglibc-2.11.1/posix/../sysdeps/unix/syscall-template.S
fn=(50) uname
82 4
+1 1

fl=(17) /build/buildd/eglibc-2.11.1/elf/../sysdeps/unix/sysv/linux/dl-sysdep.c
fn=(48) _dl_discover_osversion
67 4
+2 3
+85 5
-45 3
cfi=(18)
cfn=(50)
calls=1 -27 
* 5
* 3
+12 2
+10 12
+4 3
-2 9
+2 10
+3 4
-3 4
+7 3
-1 3
+2 3
+2 14
+5 2

fl=(28) /build/buildd/eglibc-2.11.1/string/../string/memset.c
fn=(100) memset
32 7
-2 14
+2 7
+5 14
+1 21
+1 21
+3 21
+4 14
+8 14
+1 29
+2 5
+1 5
+1 5
+1 5
+1 5
+1 5
+1 5
+1 10
-9 10
+2 56
+1 56
+1 56
+1 56
+1 56
+1 56
+1 56
+1 112
-9 112
-30 10
+43 5
+3 10
+1 10
-4 2
+3 4
+1 25
+2 14
-2 14
+2 40
-2 40
-47 7
+53 7
+4 14
+8 7

fl=(25) /build/buildd/eglibc-2.11.1/setjmp/../sysdeps/x86_64/setjmp.S
fn=(78) __sigsetjmp
26 12
+2 12
+1 24
+1 12
+4 12
+1 12
+1 12
+1 12
+1 12
+2 24
+2 12
+1 12
+2 24
+2 12
+4 12
+1 12

fl=(29) /build/buildd/eglibc-2.11.1/elf/dl-deps.c
fn=(106) _dl_map_object_deps
149 1
+1 1
-1 2
+1 1
-1 2
+1 1
-1 1
+1 2
-1 4
+1 1
-1 1
+1 2
+16 1
-16 1
+14 1
+1 1
+1 1
+6 3
+10 1
-10 1
+10 1
-36 5
+20 1
-2 1
+19 1
-17 1
+6 1
-6 1
-2 1
+2 1
-2 1
+1 1
+1 1
+6 3
+10 1
-10 1
+10 5
+19 1
-15 1
338 2
203 1
+1 1
-18 2
338 1
201 1
338 1
204 1
338 5
208 2
+5 1
+4 2
-9 12
+5 6
+4 12
+2 2
+3 14
+2 5
+11 5
-4 5
-7 5
+6 5
+1 5
-7 5
+5 5
+3 10
+3 35
+50 22
+1 21
-51 480
+1 240
+6 55
cfi=(22) /build/buildd/eglibc-2.11.1/string/../sysdeps/x86_64/multiarch/../strchr.S
cfn=(62) index
calls=11 26 
* 347
* 33
+5 55
-3 11
+3 11
cfi=(24) /build/buildd/eglibc-2.11.1/elf/dl-error.c
cfn=(74) _dl_catch_error
calls=11 -87 
* 22153
+2 33
+15 11
+2 22
+5 5
+6 5
+2 5
-8 10
+5 5
-2 5
+1 5
+2 5
+4 30
-59 8
+13 4
466 14
+2 15
+2 15
cfi=(14) /build/buildd/eglibc-2.11.1/elf/dl-minimal.c
cfn=(36) malloc
calls=5 96 
* 140
+2 5
-2 5
+2 5
+4 20
-1 5
+2 5
-1 10
cfi=(15) /build/buildd/eglibc-2.11.1/string/../sysdeps/x86_64/memcpy.S
cfn=(42) memcpy
calls=5 56 
* 129
+1 20
cfi=(15)
cfn=(42)
calls=5 56 
* 129
+3 5
+4 42
+2 7
+1 44
217 26
+1 6
-1 12
+2 35
487 4
+4 2
+4 5
+11 4
cfi=(14)
cfn=(36)
calls=1 96 
* 28
+2 1
-2 1
+2 1
+5 2
+1 1
-1 1
+1 1
-1 1
+1 1
-1 1
+1 4
+8 5
+4 2
-10 3
+6 30
+4 12
-10 18
+13 2
+46 5
+2 4
+35 3
+7 1
+6 2
-6 1
+6 2
-6 5
+6 10
-6 5
+6 80
+5 22
+4 15
+1 10
-1 30
+1 25
+3 69
-1 132
-7 45
-13 24
+40 2
+10 1
-8 1
+8 1
+3 2
+3 8
491 2
+1 3
288 436
612 8
cfi=(15)
cfn=(42)
calls=1 56 
* 51
+5 4

fn=(108) openaux
62 22
+4 11
-4 11
+7 11
-4 22
+1 11
-1 22
+1 44
-1 33
cfi=(19) /build/buildd/eglibc-2.11.1/elf/dl-load.c
cfn=(82) _dl_map_object
calls=11 1954 
* 21295
* 11
+5 33

fl=(2)
fn=(126) version_check_doit
658 2
+3 4
cfi=(33) /build/buildd/eglibc-2.11.1/elf/dl-version.c
cfn=(128) _dl_check_all_versions
calls=1 383 
* 9663
-1 2
+4 2

fn=(2) _dl_start
363 9
+18 4
fi=(5)
76 2
fe=(2)
381 1
+29 2
-3 1
fi=(3) /build/buildd/eglibc-2.11.1/elf/dynamic-link.h
119 1
fe=(2)
410 1
fi=(3)
119 2
+3 1
+4 1
+5 1
+3 1
+1 1
-3 1
-5 2
-5 13
+15 13
-18 39
+18 1
-18 3
+2 36
+5 20
+1 12
+10 4
-18 13
+25 2
+20 4
+1 4
+1 4
+1 4
+2 4
+5 4
+1 4
+1 4
+6 3
+5 2
+7 3
+1 3
+8 3
+2 3
+3 2
+1 2
fe=(2)
538 2
+7 1
286 2
+12 2
cfi=(6)
cfn=(10)
calls=1 843 
* 29
+1 1
+1 1
+1 1
-2 1
+3 1
-2 1
+1 1
+1 1
+21 1
+10 1
-10 3
+10 1
-6 1
-4 1
+10 1
cfi=(7) /build/buildd/eglibc-2.11.1/elf/../elf/dl-sysdep.c
cfn=(12) _dl_sysdep_start
calls=1 88 
* 1257048
* 1
+9 1
+7 1
-4 1
+4 1
570 9
fi=(3)
128 4
+3 4
fe=(2)
543 14
fi=(4) /build/buildd/eglibc-2.11.1/elf/do-rel.h
76 1
-1 1
+2 1
-2 1
+2 1
+2 8
+25 2
fi=(5)
466 14
fi=(4)
105 14
fi=(5)
466 14
+1 28
-2 14
fi=(4)
104 28
fi=(5)
467 14
fi=(4)
104 15
+5 2
+11 8
+2 8
fi=(5)
288 24
fi=(4)
120 24
fi=(5)
296 24
+4 8
-4 16
+4 24
+6 24
+1 16
fi=(4)
117 27
fi=(3)
+17 4
+1 4
fe=(2)
286 67

fn=(558)
835 1
+1 1

fn=(22) dl_main
886 1
+19 1
+7 1
-26 6
+32 1
-32 4
+27 1
-5 1
+10 1
+3 1
-16 1
+7 1
-4 1
+5 1
+8 1
cfn=(24) process_envvars
calls=1 2494 
* 528
+7 4
1090 7
cfi=(12) /build/buildd/eglibc-2.11.1/elf/dl-object.c
cfn=(28) _dl_new_object
calls=1 36 
* 248
+2 1
-2 1
+2 1
+1 2
+2 1
+1 2
-2 1
+1 1
+1 2
+29 1
-3 1
+3 1
-8 1
+1 1
+2 1
+5 6
+1 24
-1 36
+1 50
+95 2
+1 3
-5 2
+1 1
-88 3
+1 1
+49 2
+1 2
-1 8
+2 4
+1 2
+3 2
+1 2
-1 2
+1 2
+1 2
+1 6
+1 2
-46 1
+10 1
-10 1
+10 1
-7 2
-3 1
+10 1
+68 2
-87 3
+1 1
+92 3
+3 2
+2 2
+2 3
+13 3
+1 6
cfi=(16)
cfn=(44)
calls=1 63 
* 7
-1 2
+11 1
-3 1
-2 1
+3 1
+2 2
+1 2
+4 2
+2 2
fi=(3)
104 1
+9 2
+6 1
-2 1
+2 2
+7 1
+5 1
+3 1
+1 1
-3 1
-5 2
-1 16
+1 9
+10 3
-18 9
+18 1
-18 3
+2 46
+8 19
+8 19
-18 57
+25 3
+38 3
+5 2
+7 2
+1 3
+16 3
+14 3
+7 2
fe=(2)
1271 2
cfi=(6)
cfn=(10)
calls=1 843 
* 29
+3 2
+20 4
fi=(3)
128 4
fe=(2)
1383 1
cfi=(17)
cfn=(48)
calls=1 67 
* 92
* 8
+5 2
cfi=(19)
cfn=(52) _dl_init_paths
calls=1 618 
* 1601
+3 3
cfi=(23)
cfn=(68)
calls=1 52 
* 18
+7 1
-7 1
+2 1
+5 1
+4 1
+3 1
-2 1
+3 1
-2 1
-2 2
+9 1
-9 1
+1 1
+8 1
+5 1
+4 1
-3 2
+3 1
+4 1
-5 1
+5 2
+1 2
+1 1
-1 2
+1 3
+2 2
+1 2
+5 2
+5 4
1620 3
+3 2
+4 3
+5 2
+1 1
cfi=(23)
cfn=(70)
calls=1 77 
* 1
+4 3
+15 3
+4 4
+31 3
cfi=(20)
cfn=(56)
calls=1 82 
* 11
* 2
+77 1
+11 1
-11 3
+17 1
+1 2
-1 1
+1 2
-1 1
+1 3
cfi=(29)
cfn=(106)
calls=1 149 
* 25623
+1 1
+2 5
+3 1
-3 2
+3 1
-3 1
+3 1
-3 1
+3 1
+1 5
-1 2
+1 24
-1 13
+4 3
+1 3
+1 1
+2 2
+1 32
-1 15
fi=(3)
131 4
+3 4
+1 4
fe=(2)
1797 2
+13 1
-1 2
+1 1
+2 4
+5 1
-5 1
+4 2
+12 1
+2 3
+1 1
+1 1
-1 1
+1 3
+11 2
+2 3
-2 2
+1 4
+1 1
cfi=(24)
cfn=(124) _dl_receive_error
calls=1 198 
* 9703
+10 1
+1 1
-1 1
+1 1
+3 2
+3 1
cfn=(140) security_init
calls=1 848 
* 32
+2 2
2093 3
2239 1
+2 7
+6 1
-6 1
+6 1
+9 4
+1 1
+5 2
cfi=(32) /build/buildd/eglibc-2.11.1/elf/dl-tls.c
cfn=(162) _dl_allocate_tls_init
calls=1 380 
* 283
+4 2
+8 4
+15 1
+2 1
+1 1
-3 1
+3 3
-3 1
+3 1
cfi=(35) /build/buildd/eglibc-2.11.1/elf/dl-reloc.c
cfn=(144) _dl_relocate_object
calls=1 158 
* 7290
+1 1
+2 9
+8 1
cfi=(7)
cfn=(164) _dl_sysdep_start_cleanup
calls=1 251 
* 1
+4 3
+20 3
cfi=(23)
cfn=(68)
calls=1 52 
* 9
+1 1
+1 1
cfi=(23)
cfn=(70)
calls=1 77 
* 1
+4 1
cfi=(31) /build/buildd/eglibc-2.11.1/elf/dl-cache.c
cfn=(166) _dl_unload_cache
calls=1 306 
* 15
+5 8
2149 2
+4 4
+48 2
+7 1
-7 1
+7 1
+3 29
+3 4
+22 7
+2 14
-18 14
+2 14
+6 21
+1 42
cfi=(35)
cfn=(144)
calls=6 158 
* 1206008
+4 18
+1 4
cfi=(32)
cfn=(160) _dl_add_to_slotinfo
calls=2 820 
* 40
* 2
1828 2
1412 4
-11 4
1768 9
+4 3
+1 1
+1 2
+1 2
1663 59
cfi=(15)
cfn=(42)
calls=1 56 
* 67
* 1
+3 4
+3 3
cfi=(14)
cfn=(66) strsep
calls=1 320 
* 909
* 3
cfi=(14)
cfn=(66)
calls=1 320 
* 9
* 6
+1 4
+3 4
cfn=(72) do_preload
calls=1 800 
* 2277
* 2
+2 1
+2 12
2224 1
+1 1
-3 2
1857 1
cfn=(134) init_tls
calls=1 780 
* 642
* 2

fn=(24)
2494 1
+8 2
-8 4
+23 1
-23 4
+8 1
-8 1
+8 2
-7 1
+6 2
fi=(82) /build/buildd/eglibc-2.11.1/elf/../sysdeps/unix/sysv/linux/dl-librecon.h
32 1
fe=(2)
2501 1
-6 1
fi=(82)
32 2
fe=(2)
2504 2
cfi=(11) /build/buildd/eglibc-2.11.1/elf/dl-environ.c
cfn=(26) _dl_next_ld_env_entry
calls=1 31 
* 48
* 4
cfi=(11)
cfn=(26)
calls=2 31 
* 252
* 9
+4 6
-4 2
+4 38
+1 19
-1 57
+9 12
2666 1
-4 1
+4 1
-4 1
+4 1
+30 2
+21 8
2591 17
-53 5
+7 12
+2 2
+1 1
+45 2
+1 1

fn=(72)
800 6
+6 1
+1 1
+6 5
-11 1
+6 1
+1 1
+2 1
+2 1
cfi=(24)
cfn=(74)
calls=1 160 
* 2249
+1 2
+2 3
+12 5

fn=(76) _dl_initial_error_catch_tsd
794 26

fn=(134)
780 1
-56 1
-4 1
-2 1
+2 1
+4 1
+60 3
-54 1
+3 4
cfi=(14)
cfn=(32) calloc
calls=1 111 
* 37
+12 1
-12 1
+7 1
+1 1
+4 1
+2 5
+2 14
+4 2
+2 2
-2 4
-5 2
-1 4
+1 5
-1 11
+10 2
+3 1
cfi=(32)
cfn=(136) _dl_determine_tlsoffset
calls=1 116 
* 101
+7 1
cfi=(32)
cfn=(138) _dl_allocate_tls_storage
calls=1 332 
* 418
+1 1
-1 1
+1 1
+6 1
+4 1
-4 1
+4 6
+3 1
+2 1

fn=(140)
848 4
+2 1
fi=(34) /build/buildd/eglibc-2.11.1/elf/../sysdeps/unix/sysv/linux/dl-osinfo.h
68 1
+4 1
+3 2
+48 7
fe=(2)
852 1
+6 3
+2 1
fi=(34)
132 2
+11 1
fe=(2)
863 1
+2 1
+6 1
+1 5

fn=(562)
841 1
+1 1

fn=(80) map_doit
627 2
+2 2
-2 1
+2 6
cfi=(19)
cfn=(82)
calls=1 1954 
* 2177
* 1
+3 3

fl=(11)
fn=(26)
31 3
+3 11
+2 88
+11 42
-13 127
+17 1
-14 20
+5 2
-3 2
+3 2
+2 2

fl=(35)
fn=(144)
158 42
+10 14
-10 21
+14 7
-14 14
+14 7
+1 35
+6 14
+6 21
+4 14
+8 21
+45 7
fi=(5)
96 14
fe=(35)
242 14
fi=(5)
96 7
+39 3
fe=(35)
268 200
156 12
fi=(5)
295 6
fe=(35)
-27 6
fi=(5)
+27 6
fi=(4)
65 6
-8 6
+1 6
+1 6
+6 6
fe=(35)
268 2
156 2
fi=(5)
295 1
fe=(35)
-27 1
fi=(5)
+27 1
fi=(4)
65 1
-8 1
+1 1
+1 1
+6 8
-8 7
+1 7
+1 7
+6 7
+3 20
fi=(5)
476 6
-1 12
+4 12
-3 670
-1 1340
+4 1340
+2 2028
+1 676
fi=(4)
68 2028
fe=(35)
268 105
+3 21
+40 7
+3 14
+13 14
+1 14
cfn=(158) _dl_protect_relro
calls=7 +8 
* 175
* 7
+1 56
fi=(5)
135 12
-39 12
+6 12
+4 18
+13 6
-8 6
+8 12
+13 6
+3 6
-3 6
+3 18
fe=(35)
+51 21
+82 9
fi=(4)
75 7
+2 7
-2 14
+1 7
+1 62
+14 6
-12 6
+12 13
-12 1
+12 2
+10 14
+10 21
+4 6
+2 6
-2 6
+2 6
fi=(5)
296 18
fi=(4)
119 12
+1 6
+2 12
-2 6
-1 6
fi=(5)
267 6
fi=(4)
119 6
fi=(5)
270 6
fi=(4)
119 6
+1 18
fi=(5)
270 6
fi=(4)
119 4252
+1 2126
+2 4252
-2 2126
-1 2126
fi=(5)
267 2126
fi=(4)
119 2126
fi=(5)
270 2126
fi=(4)
119 2126
+1 6378
fi=(5)
270 2126
+18 4264
+7 36852
fi=(4)
120 2326
fi=(5)
295 3489
fi=(4)
120 1163
fi=(5)
295 4673
fi=(4)
120 14
fi=(5)
295 21
fi=(4)
120 7
fi=(5)
295 14068
cfi=(6)
cfn=(150)
calls=1170 698 
* 1014652
* 4680
+1 6396
+4 2122
-4 4244
+4 6366
+9 12792
+85 2118
fi=(4)
117 4236
fi=(5)
394 2118
fi=(4)
117 2124
fi=(5)
377 30
+4 30
+5 20
fi=(4)
117 10
fi=(5)
386 20
fi=(4)
117 20
fi=(5)
335 3
+1 2
fi=(4)
117 1
fi=(5)
336 1
fi=(4)
117 2
fi=(5)
327 6
+1 3
fi=(4)
117 3
fi=(5)
328 3
fi=(4)
117 6
fi=(5)
295 14
fi=(4)
104 18
fi=(5)
466 5
fi=(4)
105 5
fi=(5)
466 10
+1 10
fi=(4)
104 5
fi=(5)
465 5
fi=(4)
104 5
fi=(5)
467 5
fi=(4)
104 5
fi=(5)
467 3372
fi=(4)
104 1686
fi=(5)
465 1686
fi=(4)
104 1686
fi=(5)
467 1686
fi=(4)
104 1686
fi=(5)
466 1686
fi=(4)
105 1686
fi=(5)
466 1686
fi=(4)
127 5
+1 2
+1 2
-1 1
fi=(5)
267 1
fi=(4)
128 1
fi=(5)
270 1
fi=(4)
128 3
fi=(5)
270 1
fi=(4)
128 4
+1 4
-1 2
fi=(5)
267 2
fi=(4)
128 2
fi=(5)
270 2
fi=(4)
128 6
fi=(5)
270 2
+18 6
+7 117
cfi=(6)
cfn=(150)
calls=3 698 
* 2056
* 12
+1 9
+4 1
-4 2
+4 3
+9 18
+85 9
fi=(4)
127 10
fi=(5)
295 23749
fe=(35)

fn=(158)
336 7
-2 14
+1 14
+1 21
+2 14
+2 14
+1 21
cfi=(21) /build/buildd/eglibc-2.11.1/misc/../sysdeps/unix/syscall-template.S
cfn=(98) mprotect
calls=7 82 
* 35
-1 14
+7 21

fl=(53)
fn=(354)
30 10
+2 10
+1 10
+1 10
+1 10
+1 10
+1 10
+1 10
+1 10
+1 10
+1 10
cfi=(54)
cfn=(356)
calls=10 +32 
* 11976
+1 10
+1 10
+1 10
+1 10
+1 10
+1 10
+1 10
+1 10
+1 10
+2 10

fl=(30) /build/buildd/eglibc-2.11.1/io/../sysdeps/unix/sysv/linux/wordsize-64/xstat.c
fn=(112) _xstat
37 4
-1 4
+1 4
+1 24
+4 1
-4 12

fl=(19)
fn=(86) expand_dynamic_string_token
310 8
+10 1
-10 1
+10 2
cfi=(22)
cfn=(62)
calls=1 26 
* 43
* 2
161 2
cfi=(9) /build/buildd/eglibc-2.11.1/string/../sysdeps/x86_64/multiarch/../rtld-strlen.S
cfn=(18) strlen
calls=1 29 
* 81
* 1
+1 2
cfi=(14)
cfn=(36)
calls=1 -66 
* 28
+2 2
+3 2
335 3
167 1
335 4
167 1
cfi=(15)
cfn=(42)
calls=1 56 
* 47

fn=(88) open_verify
1561 132
+36 12
-36 36
+36 46
+21 48
cfi=(20)
cfn=(90)
calls=12 82 
* 102
+1 12
-1 12
+1 12
+11 15
-1 5
+1 25
cfi=(20)
cfn=(92)
calls=5 82 
* 25
* 10
+7 15
-7 5
+7 5
+16 70
+50 10
+5 10
+2 15
+6 10
+7 5
+1 5
+1 5
-2 20
+1 15
+16 20
+15 10
-15 256
+1 93
+4 25
+1 15
+14 35
+2 15
+5 2
+1 2
-13 87
+16 4
+6 2
-3 2
+1 2
+1 2
+1 4
+14 114
-13 2
-1 22

fn=(110) open_path
1805 32
+1 4
-1 20
+7 4
-7 4
+1 4
+6 8
+5 16
+52 8
-52 4
+52 4
-52 28
+75 12
-63 12
+7 16
cfi=(15)
cfn=(58) mempcpy
calls=4 56 
* 124
+1 4
-1 4
+1 28
+20 8
-20 79
+3 32
+4 42
cfi=(15)
cfn=(58)
calls=7 56 
* 127
* 28
cfi=(15)
cfn=(58)
calls=7 56 
* 197
* 7
-1 7
+7 14
+3 49
cfn=(88)
calls=7 1561 
* 322
* 7
+2 21
+26 12
+2 9
+39 4
-41 4
+41 20
+7 4
-2 4
+2 16
-67 8
+1 24
+79 4
-79 8
+6 8
+3 4
-3 4
+3 12
cfi=(30)
cfn=(112)
calls=4 37 
* 49
-1 8
+1 4
+2 6
+7 12
+65 36
-14 12
+10 8
-66 3

fn=(52)
618 1
+15 2
-15 8
+15 3
cfi=(7)
cfn=(54) _dl_important_hwcaps
calls=1 353 
* 355
+4 1
-4 1
+4 1
cfi=(14)
cfn=(36)
calls=1 96 
* 28
+2 1
-2 2
+2 1
+7 7
+4 2
cfi=(14)
cfn=(36)
calls=1 96 
* 53
* 1
+3 3
+7 1
+22 1
-3 1
+1 2
+2 1
-23 1
+23 4
-22 1
+18 1
+4 2
-12 1
-2 1
+3 1
+2 1
-3 1
+4 2
+4 1
-3 1
+3 1
-8 3
-2 3
+3 3
+2 3
-3 3
+4 6
+4 3
-3 3
+3 3
+1 8
-1 52
+2 4
-1 12
+1 4
-1 48
+1 8
-1 4
+1 4
-1 16
+1 4
-1 12
+3 4
-14 4
+14 24
+7 1
+4 1
-5 1
+6 2
+2 4
+2 3
+32 5
+8 3
cfi=(22)
cfn=(62)
calls=1 26 
* 34
* 2
+2 2
cfi=(9)
cfn=(18)
calls=1 29 
* 52
* 8
cfi=(15)
cfn=(42)
calls=1 56 
* 31
* 1
+17 7
+2 1
+1 2
+1 1
-4 3
+2 13
+1 26
+1 13
-4 40
+7 1
cfi=(14)
cfn=(36)
calls=1 96 
* 28
+2 1
-2 1
+2 1
+6 7
cfn=(64) fillin_rpath
calls=1 380 
* 552
+4 3
+6 1
-52 1
+58 2
+1 8
-75 1
-2 1
+2 2
+11 2

fn=(94) _dl_map_object_from_fd
835 60
+11 5
-11 5
+11 5
-11 5
+11 5
cfi=(23)
cfn=(68)
calls=5 52 
* 45
+4 15
-4 5
+4 5
cfi=(27) /build/buildd/eglibc-2.11.1/io/../sysdeps/unix/sysv/linux/wordsize-64/fxstat.c
cfn=(96) _fxstat
calls=5 37 
* 50
* 10
+11 35
+1 15
-1 60
+1 80
+17 10
+22 15
+9 10
+21 20
+31 15
+3 35
cfi=(12)
cfn=(28)
calls=5 36 
* 2322
+1 5
-1 5
+1 5
-52 5
+63 5
+1 5
-64 5
+63 5
+2 5
+3 5
-4 5
+1 5
+2 20
+1 15
+1 10
+22 5
+8 5
-25 5
+17 5
+8 10
-8 20
+8 10
-8 5
+8 10
-8 5
+8 10
+89 10
-47 5
+47 15
-47 5
+47 15
-88 68
+6 15
+1 20
-8 328
+1 246
+60 6
+4 2
+1 4
+1 6
+4 4
+3 4
+4 8
+6 2
cfi=(32)
cfn=(122) _dl_next_tls_modid
calls=2 54 
* 16
* 6
+1 2
-67 50
+6 60
+8 10
+1 10
-1 10
+1 10
-1 20
+1 10
+1 70
+2 30
+1 30
+1 30
+4 10
-4 10
+4 25
+5 45
+11 5
-11 45
+11 5
-46 6
+1 2
1156 15
+1 15
-5 10
+1 5
-70 8
+78 20
978 5
1174 10
978 5
1174 20
+2 5
-2 5
+2 5
+19 40
cfi=(21)
cfn=(60) mmap
calls=5 82 
* 30
+4 5
-4 5
+4 10
+7 15
+1 5
+2 5
-2 5
+2 5
+10 10
+35 30
+1 15
+2 20
+7 40
+6 5
+2 5
-2 5
+1 5
+2 10
-1 20
+8 10
+3 10
+11 40
cfi=(28)
cfn=(100)
calls=5 32 
* 930
+1 30
+5 10
+15 10
-73 50
+4 10
-2 10
+2 50
cfi=(21)
cfn=(60)
calls=5 82 
* 30
-2 10
-29 35
cfi=(21)
cfn=(98)
calls=5 82 
* 25
* 5
1319 5
-77 5
+77 10
+9 5
fi=(3)
113 5
fe=(19)
1328 5
fi=(3)
113 5
+6 5
-2 5
+2 10
+7 5
+5 5
+3 5
+1 5
-3 5
-5 10
-1 124
+1 78
+10 26
-18 78
+18 5
-18 15
+2 228
+8 83
+8 83
-18 249
+25 15
+20 20
+1 20
+1 20
+1 20
+2 20
+5 20
+1 19
+1 20
+6 15
+5 10
+7 10
+1 20
+16 15
+5 1
+2 1
-2 2
+2 1
+2 2
+2 2
+3 15
+2 2
+2 2
+3 10
fe=(19)
1334 15
+16 15
+19 10
+2 25
+51 15
+1 4
+3 4
cfi=(20)
cfn=(104)
calls=2 82 
* 10
* 6
cfi=(20)
cfn=(104)
calls=3 82 
* 15
* 10
+8 10
+3 10
+2 5
-2 5
+2 5
+16 10
cfi=(6)
cfn=(10)
calls=5 843 
* 145
+4 10
+1 10
+17 10
+4 5
+5 5
-5 5
+1 10
+4 5
+8 5
-1 10
+20 45
-35 2
fi=(3)
128 20
+3 20
+3 20
+1 20
fe=(19)
1259 9
-2 9
+2 3
-2 3
+3 3
-3 3
+2 3
+1 18
+2 12
+42 16
cfi=(21)
cfn=(60)
calls=2 82 
* 12
+3 4

fn=(64)
380 16
+4 3
cfi=(14)
cfn=(66)
calls=1 -64 
* 282
* 3
cfi=(14)
cfn=(66)
calls=1 -64 
* 9
* 6
+3 2
cfi=(9)
cfn=(18)
calls=1 29 
* 44
+4 1
-4 1
+4 1
+15 2
+29 15
+1 8
-38 4
+5 3
+51 3
+3 4
cfi=(14)
cfn=(36)
calls=1 96 
* 28
+3 1
-3 1
+3 1
+4 1
+2 3
-2 2
+2 1
cfi=(15)
cfn=(58)
calls=1 56 
* 31
* 1
+3 1
-2 2
+2 1
+6 2
+1 1
-1 2
+1 15
+1 1
-1 3
+1 1
-1 12
+1 2
-1 1
+1 1
-1 4
+1 1
-1 3
+4 1
-1 2
+1 1
+7 2
+1 1
+3 3
+5 1
+3 9
-14 2

fn=(82)
1954 168
+7 24
+1 24
+3 72
+12 98
-12 147
+5 168
+1 112
+2 168
cfi=(26)
cfn=(84)
calls=56 301 
* 3496
* 112
2236 108
1997 5
-1 10
+10 5
-1 10
+26 10
-2 5
+2 5
cfi=(22)
cfn=(62)
calls=5 26 
* 137
* 10
2168 2
+1 3
cfn=(86)
calls=1 310 
* 231
+2 1
-3 1
+3 1
+4 9
cfn=(88)
calls=1 1561 
* 202
+3 1
-3 1
+3 1
+11 15
+3 10
+41 5
+1 35
-1 5
+1 15
cfn=(94)
calls=5 835 
* 7952
* 10
1996 10
+39 8
cfi=(9)
cfn=(18)
calls=4 29 
* 205
* 4
+2 4
-2 4
+2 4
+7 16
+33 12
+1 56
cfn=(110)
calls=4 1805 
* 1559
+6 4
-6 4
+6 4
+78 8
-78 8
595 12
2091 12
+6 8
cfi=(31)
cfn=(114) _dl_load_cache_lookup
calls=4 182 
* 5405
+2 4
-2 4
+2 4
+4 12
+12 8
+22 40
cfn=(88)
calls=4 1561 
* 872
+3 12
+2 12
cfn=(120) local_strdup
calls=4 160 
* 527
+1 4
-1 4
+1 8
-90 4
-5 8
+5 4
+3 8
-3 4
+3 8
-3 4
+3 28
-3 12
595 12
2054 12
+13 20
+1 20
595 12
1978 49
-1 98
+4 28
+2 28
-2 56
+2 84
cfi=(16)
cfn=(44)
calls=28 63 
* 637
* 84

fn=(120)
160 16
+1 4
cfi=(9)
cfn=(18)
calls=4 29 
* 226
* 4
+1 8
cfi=(14)
cfn=(36)
calls=4 -66 
* 112
+2 8
+3 8
+1 8
-1 4
+1 4
-1 4
cfi=(15)
cfn=(42)
calls=4 56 
* 121

fl=(21)
fn=(60)
82 85
+1 17

fn=(98)
82 48
+1 12

fn=(168) munmap
82 4
+1 1

fl=(26)
fn=(116) _dl_sysdep_read_whole_file
44 2
+3 1
-3 4
+3 1
-3 1
+3 1
cfi=(20)
cfn=(90)
calls=1 +35 
* 5
+1 1
-1 1
+1 2
+2 4
cfi=(27)
cfn=(96)
calls=1 -13 
* 10
* 2
+2 1
+3 1
-3 1
+3 1
+13 2
cfi=(20)
cfn=(104)
calls=1 +14 
* 5
+3 7
-14 7
cfi=(21)
cfn=(60)
calls=1 +25 
* 6
* 2

fn=(84)
301 1050
+1 420
cfi=(16)
cfn=(44)
calls=210 63 
* 1477
* 420
+3 210
+2 420
+4 208
-4 624
+1 672
cfi=(16)
cfn=(44)
calls=224 63 
* 4946
* 448
+6 16
-7 16
+7 242
-7 194
+7 582

fl=(1) ???
fn=(0) 0x0000000000000af0
0 2
cfi=(2)
cfn=(2)
calls=1 363 
0 1257813
0 14
cfi=(37) /build/buildd/eglibc-2.11.1/elf/dl-init.c
cfn=(172) _dl_init
calls=1 93 
0 8523
0 3
cob=(8)
cfi=(56)
cfn=(400) 0x0000000000400650
calls=1 0 
0 240043056

fl=(27)
fn=(96)
37 6
-1 6
+1 6
+1 36
+4 6

fl=(7)
fn=(164)
251 1

fn=(54)
353 6
+3 1
-3 2
+3 1
-1 1
+1 1
+9 1
-12 4
+12 1
+10 3
+44 4
cfi=(20)
cfn=(56)
calls=1 82 
* 11
* 3
-2 1
+17 1
-17 1
+17 5
+3 2
+22 2
+8 2
+2 1
+1 1
-1 2
+1 4
+8 1
-4 2
+1 1
-1 1
+4 1
+3 2
+4 6
+1 2
+18 10
+1 3
cfi=(14)
cfn=(36)
calls=1 96 
* 28
+1 1
-1 2
+1 1
+7 2
+22 3
+3 1
-3 3
+3 1
+28 2
-7 1
+7 4
+1 1
-1 1
+1 1
-1 1
+1 1
-1 1
+1 3
-1 3
+1 3
-1 3
+1 3
-1 5
+5 2
-5 3
+5 3
+3 1
-3 1
+3 1
-3 3
+3 1
-3 1
+3 7
+2 16
-2 4
+1 12
-1 2
+1 12
-1 10
+4 4
+3 1
+2 2
-1 1
-1 2
+2 3
+13 13
+3 3
-3 3
+3 3
+3 4
+3 8
379 3
+63 4
+98 5
cfi=(15)
cfn=(58)
calls=1 56 
* 22
* 1
+1 1
-1 1
+1 2
cfi=(15)
cfn=(58)
calls=1 56 
* 22
* 3

fn=(12)
88 8
+25 1
-1 1
+1 140
+3 1
-3 1
+6 2
-2 1
-1 1
+3 1
-6 1
+6 4
+1 1
-1 7
+1 105
+3 2
-4 49
fi=(17)
-83 2
cfi=(8)
cfn=(14)
calls=1 -7 
* 11
fi=(5)
226 5
fe=(7)
+2 2
cfi=(10)
cfn=(20)
calls=1 35 
* 17
* 3
+12 3
+3 4
cfi=(2)
cfn=(22)
calls=1 886 
* 1256581
+2 9
-67 1
-59 4
+34 1
-34 4
+43 1
-43 4
+40 1
-40 4
+37 1
-37 5
+13 1
-13 4
+10 1
-10 4
+7 1
-7 4
226 1
cfi=(9)
cfn=(18)
calls=1 29 
* 41
* 2

fl=(9)
fn=(18)
29 23
+1 23
+1 23
+1 23
+2 10
+1 10
+2 10
+1 10
-1 31
+1 31
+1 40
+1 40
+1 40
+2 44
+5 22
+1 22
+1 22
+1 22
+3 22
-6 3
+1 3
+1 3
+1 3
+3 3
+1 20
+1 20
+1 20
+2 20
+3 20
+1 20
+1 20
+1 20
+3 20
+1 14
+1 14
+1 14
+2 14
+3 7
+1 7
+1 7
+1 7
+3 7
+1 5
+1 5
+1 5
+2 5
+3 3
+1 3
+1 3
+1 3
+3 3
+1 3
+1 3
+1 3
+2 3
+3 22
+2 22
+1 22
+1 22
+2 22
+1 22
+1 16
+2 16
+1 16
+1 14
+2 14
+1 14
+1 14
+2 14
+2 14
+1 14
+1 13
+2 13
+1 13
+1 12
+2 12
+1 12
+1 8
+2 8
+1 8
-1 15
+1 15

fl=(33)
fn=(132) match_symbol
82 170
+9 17
-8 17
-1 51
+1 17
+8 17
+6 51
+15 17
+1 34
+2 17
+5 34
+14 182
+12 222
+4 148
-30 148
+19 102
cfi=(16)
cfn=(44)
calls=17 -76 
* 1357
* 51
+34 17
+1 119

fn=(130) _dl_check_map_versions
180 63
+15 7
-15 14
+15 14
+2 7
+3 7
-3 7
+2 7
+1 7
+2 7
-3 7
+3 7
+3 15
+4 5
-4 5
+4 10
+10 15
+7 5
62 5
226 10
62 30
226 4
62 4
226 8
62 42
+1 41
-1 82
+2 150
cfi=(26)
cfn=(84)
calls=50 301 
* 3169
* 100
230 18
+4 27
+5 36
+20 16
-16 152
cfn=(132)
calls=2 82 
* 399
* 90
cfn=(132)
calls=15 82 
* 2389
* 85
+11 51
+9 36
+5 12
+1 8
+8 14
+3 20
+10 96
-10 192
+6 144
-6 20
+6 15
+8 14
+83 63
-77 6
-1 18
cfi=(14)
cfn=(32)
calls=6 111 
* 247
+2 6
-2 12
+2 6
+11 6
+2 6
-5 6
+3 12
+2 6
+3 25
+4 10
+4 30
+1 20
+1 15
+1 15
+2 15
-9 8
+4 24
+1 16
+1 12
+1 12
+2 12
-5 8
+10 8
-10 24
+1 12
+1 12
+1 12
+2 12
+5 8
-10 24
+1 12
+1 12
+1 12
+2 12
+8 27
+5 12
+1 4
+4 12
+3 25
+20 96
-14 48
-2 48
+2 53
-2 5
+2 5
+5 96
+1 48
-1 240
+1 48
+1 48
-1 96
+4 164

fn=(128)
383 5
+4 1
-4 1
+4 1
-4 1
+4 3
+1 21
-1 7
+1 7
-1 14
+5 7
-3 28
cfn=(130)
calls=7 180 
* 9539
-1 28

fl=(24)
fn=(124)
198 10
+1 1
cfi=(2)
cfn=(76)
calls=1 794 
* 2
+5 1
-1 1
-4 1
+9 1
+2 1
-3 1
+3 1
cfi=(2)
cfn=(126)
calls=1 658 
* 9673
+2 1
+1 1
+1 8

fn=(74)
160 84
+9 12
+2 12
cfi=(2)
cfn=(76)
calls=12 794 
* 24
* 12
+1 12
+2 24
-2 12
+2 12
cfi=(25)
cfn=(78)
calls=12 26 
* 228
+1 12
-1 12
+1 12
+2 24
+1 12
-1 12
+1 12
cfi=(29)
cfn=(108)
calls=11 62 
* 21526
cfi=(2)
cfn=(80)
calls=1 627 
* 2192
+1 36
+1 12
+1 12
-1 12
+2 12
-1 12
+1 12
+10 48

fl=(31)
fn=(118) _dl_cache_libcmp
169 126
-29 84
+2 126
+20 126
+2 84
+4 42
+1 84
cfn=(119) _dl_cache_libcmp'2
calls=42 * 
* 3284

fn=(119)
169 591
-29 406
+2 591
+2 18
+6 12
+1 6
-1 6
+2 6
-1 12
+1 18
+2 24
+2 12
+6 573
+2 382
+4 155
+1 310
cfn=(119)
calls=155 * 
* 9107
+3 12
+1 6
-8 144

fn=(114)
182 32
+8 8
+3 12
+45 8
+6 12
+15 8
-6 4
+6 4
cfi=(20)
cfn=(56)
calls=4 82 
* 44
* 4
+17 20
-23 4
+23 8
-23 4
+23 629
cfn=(118)
calls=36 169 
* 3184
* 208
+21 36
196 4
cfi=(26)
cfn=(116)
calls=1 44 
* 68
+8 2
+1 1
-1 2
+1 3
-1 13
+8 1
-3 2
+3 3
+3 1
+1 2
-1 1
+1 1
+19 2
-17 2
-2 22
+60 76
cfn=(118)
calls=2 169 
* 178
* 20
cfn=(118)
calls=4 169 
* 594
* 110

ob=(4)
fl=(62)
fn=(448)
48 12
-8 3
+3 4
-3 4
+4 12
-1 4
cfi=(65)
cfn=(472) __overflow
calls=2 246 
* 278
-3 8

fl=(65)
fn=(470) _IO_default_xsputn
452 1
+3 2
-3 3
+1 1
-1 3
+1 1
+2 2
+5 64
+25 92
cfi=(64)
cfn=(454) _IO_file_overflow@@GLIBC_2.2.5
calls=15 837 
* 495
* 45
+2 15
+1 15
+1 2
+1 6

fn=(466) _IO_setb
404 12
+1 3
-1 3
+1 8
+4 3
-2 3
+1 3
+1 3
+3 1
+1 12
-3 4

fn=(496) _IO_switch_to_get_mode
188 2
-1 2
+1 1
+3 3
+5 1
-1 2
+1 1
+7 1
-4 1
+2 3
+2 1
+2 2

fn=(662)
1007 1
+3 1
-3 4
+3 1
cfn=(664) _IO_flush_all_lockp
calls=1 823 
* 82
-59 1
+59 1
-59 2
+11 2
-9 21
+9 13
+7 5
+10 5
cfi=(64)
cfn=(666) _IO_file_setbuf@@GLIBC_2.2.5
calls=1 453 
* 78
+2 2
+6 3
-36 9
+71 7
-51 1
+4 1
-4 1
+2 1
+2 1
-2 1
+3 1
-2 1
+2 3
+6 12

fn=(472)
246 249
+2 249
cfi=(64)
cfn=(454)
calls=83 837 
* 3839

fn=(668) _IO_default_setbuf
562 5
+1 1
-1 2
+1 1
cfi=(64)
cfn=(670) _IO_file_sync@@GLIBC_2.2.5
calls=1 899 
* 13
* 2
+2 2
+2 1
+1 5
cfn=(466)
calls=1 404 
* 19
+7 3
+1 3
+2 6

fn=(664)
823 8
+6 6
+1 2
+5 1
-1 1
+2 2
-2 1
+2 3
+33 2
+4 9
-37 8
+6 2
-4 2
+4 5
-4 1
+4 2
+14 3
-2 3
+2 3
+7 6
-21 12

fn=(456) _IO_doallocbuf
419 2
+1 2
-1 2
+1 2
+6 4
-4 4
+1 6
cfi=(66) /build/buildd/eglibc-2.11.1/libio/filedoalloc.c
cfn=(458) _IO_file_doallocate
calls=2 88 
* 167
* 4

fn=(490)
368 1
+2 1
-2 1
+2 3
+6 3
+3 4
+2 3
+6 2
+5 2
+2 2
+1 1
-1 2
cfn=(492) _IO_default_uflow
calls=1 +46 
* 183

fn=(492)
440 1
-1 2
+1 1
cfi=(64)
cfn=(494) _IO_file_underflow@@GLIBC_2.2.5
calls=1 545 
* 171
+1 2
+2 4
+1 2

fl=(72) /build/buildd/eglibc-2.11.1/stdio-common/printf.c
fn=(538) printf
30 1053
+4 567
+1 243
cfi=(73) /build/buildd/eglibc-2.11.1/stdio-common/vfprintf.c
cfn=(540) vfprintf
calls=81 210 
* 40743
+4 162

fl=(46)
fn=(208)
487 4
+13 3
673 5
501 1
cfi=(47) /build/buildd/eglibc-2.11.1/csu/../sysdeps/x86_64/multiarch/init-arch.c
cfn=(210) __init_cpu_features
calls=1 49 
* 44
* 1
+6 2
+2 3
cfn=(212) handle_intel
calls=1 256 
* 2197
+4 2
-4 1
+4 1
cfn=(212)
calls=1 256 
* 2211
+2 1
-2 1
+2 2
+12 1
+17 1
-18 1
+1 1
+10 3
+7 1
-7 1
+7 2
+7 6
+6 2
-6 8
+6 4
+3 15
+2 1
+6 6
+7 1
-7 1
+11 2
+27 2
+56 2
+2 1
+1 1
-1 2
+4 2
+2 1
+1 1
-1 3
-63 7
-88 3
cfn=(212)
calls=1 256 
* 1694
* 3

fn=(214) intel_check_word
163 132
+1 24
+8 12
-2 72
+16 66
+9 2
-1 1
+28 5
-1 1
+1 1
cfi=(48)
cfn=(216)
calls=1 27 
* 153
* 145
-1 29
+1 29
cfi=(48)
cfn=(216)
calls=29 27 
* 4845
+2 60
+2 28
+14 10
+6 28
-74 56
+2 30
+2 60
-4 10
+79 80
-10 4
-13 2
+2 4
+2 2
+19 16

fn=(218)
152 784
+3 378
+1 196

fn=(212)
256 24
+1 12
+7 3
+1 9
+8 6
+5 3
-5 6
+5 3
+7 15
cfn=(214)
calls=3 163 
* 2415
+1 6
+3 15
cfn=(214)
calls=3 163 
* 1791
+1 6
+3 15
cfn=(214)
calls=3 163 
* 69
+1 6
+3 15
cfn=(214)
calls=3 163 
* 1632
+1 6
-31 2
+13 3
+1 3
-1 6
+22 7
+5 24

fl=(42)
fn=(200)
27 2
+1 4
+4 4
+14 2
+4 4

fl=(58)
fn=(432)
34 1
+2 1
cfi=(59) /build/buildd/eglibc-2.11.1/setjmp/../sysdeps/x86_64/setjmp.S
cfn=(434) __sigsetjmp
calls=1 -10 
* 27

fl=(66)
fn=(458)
88 8
+15 12
cfi=(64)
cfn=(460) _IO_file_stat
calls=2 1233 
* 28
* 4
+2 8
+11 3
+1 6
+3 12
cfi=(68) /build/buildd/eglibc-2.11.1/misc/../sysdeps/unix/syscall-template.S
cfn=(464) mmap
calls=2 -38 
* 12
* 6
+1 8
cfi=(65)
cfn=(466)
calls=2 404 
* 36
* 2
+2 8
-13 1
-2 9
+8 1
-3 1
+3 2

fl=(73)
fn=(540)
210 810
+35 81
-35 81
+35 162
1288 243
+4 405
+11 162
+11 81
fi=(83) /build/buildd/eglibc-2.11.1/stdio-common/printf-parse.h
99 162
fe=(73)
1314 405
fi=(83)
99 81
cfi=(74)
cfn=(542)
calls=81 -72 
* 1863
fe=(73)
1329 81
fi=(83)
99 81
fe=(73)
1329 729
+1 1215
+3 567
cfi=(64)
cfn=(452)
calls=81 -37 
* 1701
* 162
1996 1053
+1 243
1288 162
2000 648
1333 324
+4 81
-4 81
+4 162
1808 81
1337 324
1808 81
1948 81
1337 324
1948 81
1337 81
1948 81
+3 81
-3 243
+3 81
+61 162
1383 1458
1951 81
1383 1215
1951 81
1383 81
1632 162
+8 81
fi=(83)
99 243
cfi=(74)
cfn=(542)
calls=81 -72 
* 1863
fe=(73)
1644 81
fi=(83)
99 81
fe=(73)
1644 891
cfi=(64)
cfn=(452)
calls=81 1296 
* 1701
* 972
+2 162
-33 1701
cfi=(75)
cfn=(544)
calls=81 176 
* 1782
* 4536
cfi=(64)
cfn=(452)
calls=81 1296 
* 6318
* 3726

fl=(76) /build/buildd/eglibc-2.11.1/libio/putchar.c
fn=(550) putchar
29 1620
+1 243
fi=(70)
984 162
+1 891
fe=(76)
33 243
-3 243
cfi=(65)
cfn=(472)
calls=81 246 
* 4059
* 162

fl=(67) /build/buildd/eglibc-2.11.1/io/../sysdeps/unix/sysv/linux/wordsize-64/fxstat.c
fn=(462) _fxstat
37 2
-1 2
+1 2
+1 12
+4 2

fl=(80) /build/buildd/eglibc-2.11.1/nptl/../nptl/sysdeps/unix/sysv/linux/unregister-atfork.c
fn=(590) __unregister_atfork
29 4
+8 4
-8 8
+11 8
+82 8

fl=(79)
fn=(588)
31 8
+18 4
-18 4
+18 4
-18 20
+4 16
+4 32

ob=(1)
fl=(31)
fn=(114)
276 52
+16 16

fn=(166)
306 1
+1 4
+2 2
cfi=(21)
cfn=(168)
calls=1 82 
* 5
+1 1
+2 2

fl=(22)
fn=(62)
26 18
+1 18
+1 18
+1 18
+1 18
+1 18
+1 18
+1 18
+1 18
+1 18
+1 18
+1 18
+1 18
+1 18
+1 18
+1 18
+1 18
+1 18
+1 18
+1 18
+1 18
+2 12
+1 12
+1 12
+1 12
+1 12
+1 12
+1 12
+1 12
+1 12
+2 18
+1 18
+1 1
+1 1
+1 1
+1 1
+1 17
+1 18

fl=(32)
fn=(136)
116 7
+6 3
+3 2
+36 3
+2 9
-38 1
+38 2
+3 4
+4 4
-4 6
+2 4
+2 6
+12 4
+4 10
+2 8
+10 2
-37 4
+37 2
-37 5
+41 1
-1 1
+52 1
-51 4
+52 8

fn=(138)
332 1
+13 1
-13 2
+2 1
+11 2
cfi=(14)
cfn=(40) __libc_memalign
calls=1 53 
* 50
+1 1
-1 1
+1 1
+7 1
+4 305
-58 1
+1 1
-1 1
+1 2
cfi=(14)
cfn=(32)
calls=1 111 
* 37
+1 2
+3 1
+6 2
+64 5

fn=(122)
54 2
+3 6
+48 4
+4 4

fn=(162)
380 7
+1 1
-1 1
+1 1
+12 1
-8 1
+8 5
+5 7
+6 11
+22 4
+1 6
+2 4
+1 6
+8 6
+1 6
+1 10
cfi=(15)
cfn=(58)
calls=2 56 
* 37
* 8
cfi=(28)
cfn=(100)
calls=2 32 
* 112
* 6
-42 6

ob=(4)
fl=(79)
fn=(588)
39 18
+5 24
+2 2
+1 2
+2 8
-5 4
+7 2
+5 2
-2 4
+2 4
cob=(7)
cfi=(52)
cfn=(612)
calls=1 -56 
* 4
cob=(7)
cfi=(52)
cfn=(610)
calls=1 -56 
* 4
+4 6
-21 7
-4 12
+32 16
+4 24
-4 12
+12 8
+3 4
-2 4
+2 24
-2 4
cfi=(80)
cfn=(590)
calls=4 -51 
* 32

fl=(63)
fn=(450)
26 2
+1 2
+1 2
+1 2
+1 2
+1 2
+1 2
+1 2
+1 2
+1 2
+1 2
+1 2
+2 1
+1 1
+1 1
+1 1
+1 1
+1 1
+2 2
+1 2
+1 2
+1 2

fl=(68)
fn=(464)
82 10
+1 2

fl=(69) /build/buildd/eglibc-2.11.1/io/../sysdeps/unix/syscall-template.S
fn=(476) write
82 22
cfn=(478) __write_nocancel
calls=11 * 
* 55

fn=(502) __read_nocancel
82 5

fn=(478)
82 55

fn=(500) read
82 2
cfn=(502)
calls=1 * 
* 5

fl=(47)
fn=(210)
49 1
-5 1
+5 1
+3 1
-3 1
+3 5
+42 2
-63 1
+23 1
-23 2
+6 1
-6 1
+6 1
-6 1
+29 1
-22 1
-1 1
+23 1
-22 1
+22 1
-29 1
+7 1
+23 1
-24 1
+1 1
+23 1
+5 2
+2 1
+1 1
-1 1
+1 7

fl=(64)
fn=(666)
453 2
+1 1
cfi=(65)
cfn=(668)
calls=1 562 
* 63
* 2
+4 1
-1 3
+2 3
+3 3

fn=(670)
899 1
+5 1
-5 1
+5 3
+2 1
+1 2
+17 2
+4 2

fn=(454)
837 495
+1 99
-1 99
+1 198
+7 590
+35 198
+3 196
+3 98
+1 98
-1 196
+1 392
+5 98
+1 490
-45 2
+12 3
+9 2
+4 1
+4 1
-1 1
-5 1
+1 1
+4 1
-3 1
+1 1
+3 1
-3 2
+3 3
+1 4
+3 1
+12 3
-12 1
+12 1
-12 1
cfn=(468) _IO_do_write@@GLIBC_2.2.5
calls=1 501 
* 17
+6 33
+3 11
-1 33
cfn=(468)
calls=11 501 
* 1001
* 22
-39 2
cfi=(65)
cfn=(456)
calls=1 419 
* 102
+1 6

fn=(468)
501 72
+1 12
-1 24
+1 24
+2 72
+11 33
+7 44
+8 55
cfn=(474) _IO_file_write@@GLIBC_2.2.5
calls=11 1269 
* 462
+1 11
-1 11
+1 22
+5 11
-2 11
+2 11
-2 33
+1 22
+1 11
-34 11
+34 11
-34 11
+29 22
+5 22

fn=(494)
545 4
+8 3
+6 3
+3 2
+13 2
+20 2
cfi=(65)
cfn=(496)
calls=1 188 
* 20
+6 1
+5 4
-5 2
+1 1
+1 3
+3 1
cfn=(498) _IO_file_read
calls=1 1208 
* 13
+2 2
+10 1
-3 1
+3 2
+2 2
+1 4
-56 3
+5 2
cfi=(65)
cfn=(456)
calls=1 419 
* 91
* 2

fn=(452)
1296 490
+6 245
-6 1470
+6 245
-6 490
+6 245
+7 83
-12 83
+12 249
+17 5
+32 4
cfn=(454)
calls=1 837 
* 172
* 2
+7 2
+1 6
+2 3
+11 2
+1 4
cfi=(65)
cfn=(470)
calls=1 452 
* 747
* 2
-50 246
+4 164
-42 82
+56 82
-56 328
+58 82
-58 82
+58 82
+2 246
+2 246
+28 166
+1 1960
-72 164
+1 164
-1 82
+1 164
+3 246
+2 328
-2 176
+2 18
-25 410
+57 328
-1 164
+1 24
-1 94
-18 164

fn=(460)
1233 2
+2 6
cfi=(67)
cfn=(462)
calls=2 37 
* 20

fn=(474)
1269 11
+2 11
-2 66
+2 11
-2 11
+2 22
+11 11
-11 22
+2 22
+3 44
cfi=(69)
cfn=(476)
calls=11 82 
* 77
+1 22
+9 33
+3 66
-6 33

ob=(1)
fl=(32)
fn=(162)
404 9
+3 1
+1 2
-1 1
+1 2
+6 2
+2 2
-2 4
+2 4
+38 1
+3 9

fn=(160)
820 2
+9 2
-9 6
+6 4
+8 6
+42 2
-1 6
+1 4
+1 8

fl=(12)
fn=(28)
36 54
+3 6
-3 24
+3 6
cfi=(9)
cfn=(18)
calls=6 -10 
* 296
+6 6
-6 6
+7 12
+6 24
cfi=(14)
cfn=(32)
calls=6 +59 
* 253
+3 6
-3 6
+3 12
+4 6
+5 6
-6 6
+4 6
+2 6
-5 6
+3 6
+2 12
cfi=(15)
cfn=(42)
calls=6 -8 
* 169
+2 6
-2 6
+5 6
-1 6
-2 6
+3 24
+3 6
-3 6
+3 6
+9 6
-7 6
+4 6
+3 6
-47 5
+49 2
-2 2
+2 30
-2 30
+18 12
-6 6
+1 6
+5 6
-6 6
+6 23
+3 80
+7 5
-5 5
+2 5
+3 35
+4 15
+1 10
+1 5
+3 5
-3 5
+3 5
-5 3
+1 2
+1 1
+3 1
-3 1
+3 2
+4 15
+4 35
+8 1
+6 1
-3 2
+3 7
-3 10
+3 10
+2 10
cfi=(9)
cfn=(18)
calls=5 29 
* 263
* 5
+4 5
-4 5
+4 5
+64 5
+4 54
46 60
+27 12
+39 5
+10 1
+4 4
+24 10
cfi=(14)
cfn=(36)
calls=5 -54 
* 140
+1 5
-1 5
+1 15
+45 15
cfi=(15)
cfn=(58)
calls=5 56 
* 166
* 5
+6 158
-1 79
+1 84
-1 5
+1 5
+2 10
+3 10

fl=(15)
fn=(42)
56 24
+2 24
+2 24
+3 24
+1 24
+2 6
+1 6
+2 6
+1 6
+5 6
+1 6
-1 18
+1 18
+2 9
+1 9
+2 9
+1 18
+5 9
+1 9
-1 15
+1 15
+2 6
+1 6
+2 6
+1 6
+5 6
+1 6
-1 18
+1 18
+2 14
+1 14
+2 14
+1 14
+5 14
+1 14
-1 10
+1 21
+5 11
+1 11
+1 11
+1 11
+2 11
+2 11
+1 11
+2 11
+8 24
+8 6
+6 6
+2 6
+1 6
+3 1
+1 2
+5 1
+1 1
+2 1
+2 1
+1 1
+2 1
-8 1
+1 1
+2 1
+2 1
+1 1
+2 2
+9 1
+1 1
-1 5
+1 5
+3 6
+1 6
+1 6
+5 6
+2 6
+1 6
+1 6
+1 6
+2 6
+1 6
+1 6
+1 6
+2 6
+1 6
+2 6
+22 6
+6 6
+1 6

fn=(58)
56 28
+4 28
+3 28
+1 28
+2 15
+1 15
+2 15
+1 15
+5 15
+1 15
-1 13
+1 13
+2 19
+1 19
+2 19
+1 19
+5 19
+1 19
-1 9
+1 9
+2 15
+1 15
+2 15
+1 15
+5 15
+1 15
-1 13
+1 13
+2 16
+1 16
+2 16
+1 32
+5 16
+1 16
-1 12
+1 16
+5 4
+1 4
+1 4
+1 4
+2 4
+2 4
+1 4
+2 4
+6 28
+4 28
+12 1
+2 1
+1 1
+26 1
+1 1
+3 1
+1 1
+1 1
+5 1
+2 1
+1 1
+1 1
+1 1
+2 1
+1 1
+1 1
+1 1
+2 1
+1 1
+2 1
+22 1
+2 1

fl=(14)
fn=(36)
96 105
cfn=(40)
calls=35 -43 
* 956

fn=(32)
111 14
-3 14
+3 28
-3 14
+3 28
+4 28
cfn=(36)
calls=14 -19 
* 448

fn=(66)
320 4
+3 12
+2 4
+1 8
+4 16
+5 4
-5 177
+5 240
+2 488
+8 61
-15 185
+18 2
+4 8

fn=(40)
53 144
+1 143
+11 105
+3 35
-3 35
+3 70
-3 3
+3 1
-3 1
+3 130
+4 16
+1 12
+6 28
cfi=(21)
cfn=(60)
calls=4 +3 
* 24
+2 8
+3 8
+1 8
-1 4
+1 8
+3 4
+1 4
+2 16
-3 32
+1 32
+2 128
-31 2
-1 5

fl=(37)
fn=(172)
93 11
+5 1
-4 1
+1 1
+3 2
+7 2
+27 2
+1 16
+1 7
-1 7
+1 14
-97 21
+9 6
-3 12
+3 18
+5 15
+5 8
+8 8
+6 24
cob=(2)
cfi=(13)
cfn=(262) 0x0000000004c7bec8
calls=1 -70 
* 1714
cob=(2)
cfi=(13)
cfn=(242) 0x0000000004f3be00
calls=1 -70 
* 29
cob=(2)
cfi=(13)
cfn=(222) 0x00000000051bda98
calls=1 -70 
* 29
cob=(4)
cfi=(39)
cfn=(194)
calls=1 -18 
* 6490
+4 4
+1 8
+65 8
-88 2
-6 4
-9 4
+9 1
-3 2
+3 3
+5 3
+5 2
+8 2

ob=(4)
fl=(64)
fn=(498)
1208 1
+1 2
+2 1
+1 1
-1 1
cfi=(69)
cfn=(500)
calls=1 82 
* 7

fl=(59)
fn=(434)
26 1
+2 1
+1 2
+1 1
+4 1
+1 1
+1 1
+1 1
+1 1
+2 2
+2 1
+1 1
+2 2
+2 1
+9 1
cfi=(60)
cfn=(436)
calls=1 -26 
* 9

ob=(1)
fl=(37)
fn=(172)
70 7
cob=(2)
cfi=(13)
cfn=(174) 0x0000000004a224c8
calls=1 -70 
* 29
* 1
+4 1
+1 2
+26 2

ob=(8)
fl=(56)
fn=(420) 0x0000000000400710
0 6

fn=(414) 0x000000000040067c
0 6

fn=(426) 0x00000000004019d0
0 11

fn=(566) 0x00000000004006a0
0 18

fn=(400)
0 11
cob=(4)
cfi=(57)
cfn=(408)
calls=1 96 
0 240041695
cob=(1)
cfi=(53)
cfn=(354)
calls=1 30 
0 1350

fn=(410)
0 15
cob=(2)
cfi=(13)
cfn=(412) 0x00000000004005b8
calls=1 0 
0 29
0 10

fl=(61)
fn=(482) nactiCislo()
261 243
+1 81
cob=(4)
cfi=(71)
cfn=(488)
calls=81 37 
* 3530
cob=(1)
cfi=(53)
cfn=(354)
calls=1 30 
* 1206
* 81
+1 162
+1 128
+1 68
+1 51
+4 162

fn=(530) pprintF(int, int)
238 405
+1 405
cfn=(514) getF(int, int)
calls=81 39 
* 1215
* 162
cfn=(532) pprintO(int)
calls=81 -13 
* 55792
+1 162

fn=(438)
453 5
+1 1
+2 1
cfn=(440) nactiSudoku()
calls=1 282 
* 70731
* 4
+5 1
cfn=(520) hotovoP()
calls=1 156 
* 44
* 4
+2 1
cfn=(522) tipuj()
calls=1 -55 
* 239895160
* 1
+1 3
cfn=(526) copySudoku(Opt (*) [9], Opt (*) [9])
calls=1 317 
* 474
+3 2
+1 2
+1 2
+1 2
cob=(4)
cfi=(62)
cfn=(448)
calls=1 35 
* 373
+1 2
cfn=(528) vypisSudoku(Opt (*) [9])
calls=1 242 
* 67992
+3 1
+1 2

fn=(518) isEmpty(int, int)
77 10470910
+1 10470910
cfn=(514)
calls=2094182 -39 
* 31412730
* 8376728
+1 4188364

fn=(524) getNedokonceny4(int*, int*)
199 46800
+3 9360
+1 28080
+1 9360
+1 25300
+1 1197412
cfn=(514)
calls=70436 39 
* 1056540
* 140872
+1 140872
+1 140130
+1 28026
+2 18684
+1 287700
+1 8268
+1 62010
+1 12402
-10 356070
-1 73264
+15 18
+1 54
+1 18720

fn=(442) vynulujPole()
67 2
+1 2
+1 18
+1 810
-1 441
-1 49
+5 2

fn=(532)
226 405
+3 162
+1 6561
+1 405
cob=(4)
cfi=(72)
cfn=(538)
calls=81 30 
* 42768
cob=(1)
cfi=(53)
cfn=(354)
calls=1 30 
* 1198
-2 3969
+5 324

fn=(508) setRes(int, int, int)
84 112386
+4 112386
cfn=(510) setF(int, int, int)
calls=18731 -42 
* 318427
+1 168579
+1 93655
cfn=(512) fillArroundF(int, int)
calls=18731 +29 
* 212456741
+3 37462

fn=(514)
39 16255208
+2 36574218
+1 8127604

fn=(516) remO(int, int, int)
98 2040927
+1 1457805
cfn=(514)
calls=291561 -60 
* 4373415
* 291561
+2 1166244
+2 874683
+1 434844
cfn=(510)
calls=72474 -58 
* 1232058
+1 1232058
+2 797214
+1 84605
cfn=(513) fillArroundF(int, int)'2
calls=16921 +11 
* 174549464
+6 1166244

fn=(517) remO(int, int, int)'2
98 9726682
+1 6947630
cfn=(514)
calls=1389526 -60 
* 20842890
* 1389526
+2 5558104
+2 4168578
+1 1366272
cfn=(510)
calls=227712 -58 
* 3871104
+1 3871104
+2 2504832
+1 373315
cfn=(513)
calls=74663 +11 
* 588240733
+6 5558104

fn=(528)
242 4
+2 2
+1 18
+6 360
cfn=(530)
calls=72 -13 
* 51814
+1 144
cob=(4)
cfi=(76)
cfn=(550)
calls=72 29 
* 5976
cob=(1)
cfi=(53)
cfn=(354)
calls=1 30 
* 1190
-7 396
+9 45
cfn=(530)
calls=9 -16 
* 6327
+1 18
cob=(4)
cfi=(76)
cfn=(550)
calls=9 29 
* 1647
-11 49
+13 2

fn=(512)
119 93655
+1 93655
cfn=(514)
calls=18731 -81 
* 280965
* 18731
+4 206041
+1 206041
+2 37462
+1 404838
+1 716034
cfn=(516)
calls=119339 -31 
* 85980705
+1 596695
cfn=(518)
calls=119339 -53 
* 3699509
* 477356
+1 8274
+4 392427
+1 698484
cfn=(516)
calls=116414 -38 
* 85665250
+1 582070
cfn=(518)
calls=116414 -60 
* 3608834
* 465656
+1 5960
+3 1406119
+1 1917435
+2 637173
+1 334848
cfn=(516)
calls=55808 -47 
* 18055167
+1 639145
cfn=(518)
calls=127829 -69 
* 3962699
* 511316
+1 4474
-20 702884
+24 9377
+1 37462

fn=(513)
119 457920
+1 457920
cfn=(514)
calls=91584 -81 
* 1373760
* 91584
+4 1007424
+1 1007424
+2 183168
+1 1917441
+1 3421368
cfn=(517)
calls=570228 -31 
* 298842286
+1 2851140
cfn=(518)
calls=570228 -53 
* 17677068
* 2280912
+1 35220
+4 1864611
+1 3321906
cfn=(517)
calls=553651 -38 
* 283641281
+1 2768255
cfn=(518)
calls=553651 -60 
* 17163181
* 2214604
+1 29632
+3 6673931
+1 9100815
+2 3013374
+1 1593882
cfn=(517)
calls=265647 -47 
* 71935307
+1 3033605
cfn=(518)
calls=606721 -69 
* 18808351
* 2426884
+1 23162
-20 3342036
+24 47577
+1 183168

fn=(506) nactiZnak(int)
274 324
+1 81
cob=(4)
cfi=(71)
cfn=(488)
calls=81 37 
* 3321
* 81
+1 243
+4 162

fn=(510)
46 1594585
+1 3189170
+3 637834

fn=(522)
408 4
+1 1
+11 5
cfn=(524)
calls=1 199 
* 3789
* 4
+5 5
cfn=(514)
calls=1 39 
* 15
* 1
+2 2
+2 72
+1 18
+2 12
cfn=(526)
calls=3 317 
* 1422
+2 18
cfn=(508)
calls=3 84 
* 8466
* 12
+1 3
cfn=(520)
calls=3 156 
* 132
* 12
+7 3
cfn=(523) tipuj()'2
calls=3 -34 
* 239879673
* 3
+4 12
cfn=(526)
calls=3 317 
* 1422
-19 49
+23 1
+1 4

fn=(523)
408 37436
+1 9359
+11 46795
cfn=(524)
calls=9359 199 
* 3656153
* 37436
+2 16
+3 46755
cfn=(514)
calls=9351 39 
* 140265
* 9351
+2 18702
+2 673272
+1 168318
+2 74844
cfn=(526)
calls=18711 317 
* 8869014
+2 112266
cfn=(508)
calls=18711 84 
* 213235461
* 74844
+1 9357
cfn=(520)
calls=9357 156 
* 3154562
* 37428
+1 3
+1 3
cfn=(526)
calls=1 317 
* 474
+2 1
+1 2
+2 9356
cfn=(523)
calls=9356 -34 
* 3222499364
* 9356
+4 37424
cfn=(526)
calls=9356 317 
* 4434744
* 37420
cfn=(526)
calls=9355 317 
* 4434270
-19 458199
+23 9351
+1 37436

fn=(440)
282 3
+1 1
+2 1
cfn=(442)
calls=1 67 
* 1324
+2 2
cob=(4)
cfi=(62)
cfn=(448)
calls=1 35 
* 1210
cob=(1)
cfi=(53)
cfn=(354)
calls=1 30 
* 1149
+2 2
+2 18
+1 81
cfn=(482)
calls=81 -31 
* 5712
* 81
+3 162
+1 17
+1 153
cfn=(508)
calls=17 84 
* 55709
* 68
+7 162
+1 18
cfn=(506)
calls=9 -31 
* 468
* 9
+2 144
cfn=(506)
calls=72 -33 
* 3744
-16 441
-2 49
+23 1
+1 2

fn=(520)
156 28083
+1 18722
+1 32032
+1 491745
cfn=(514)
calls=98349 39 
* 1475235
* 491745
+1 18720
-2 509009
-1 70724
+8 1
+1 18722

fn=(526)
317 149720
+1 149720
+1 149720
+1 149720
+1 149720
+1 149720
+1 149720
+1 149720
+1 149720
+1 149720
+1 224580
+1 224580
+1 224580
+1 224580
+1 224580
+1 224580
+1 224580
+1 224580
+1 224580
+1 224580
+1 224580
+1 224580
+1 224580
+1 224580
+1 224580
+1 224580
+1 224580
+1 224580
+1 224580
+1 224580
+1 224580
+1 224580
+1 224580
+1 224580
+1 224580
+1 224580
+1 224580
+1 224580
+1 224580
+1 224580
+1 224580
+1 224580
+1 224580
+1 224580
+1 224580
+1 224580
+1 224580
+1 224580
+1 224580
+1 224580
+1 224580
+1 224580
+1 224580
+1 224580
+1 224580
+1 224580
+1 224580
+1 224580
+1 224580
+1 224580
+1 224580
+1 224580
+1 224580
+1 224580
+1 224580
+1 224580
+1 224580
+1 224580
+1 224580
+1 224580
+1 224580
+1 224580
+1 224580
+1 224580
+1 224580
+1 224580
+1 224580
+1 224580
+1 224580
+1 224580
+1 224580
+1 224580
+8 74860

ob=(3) /usr/lib/valgrind/vgpreload_core-amd64-linux.so
fl=(38) ???
fn=(576) 0x0000000000000530
0 10
cob=(4)
cfi=(79)
cfn=(588)
calls=1 31 
0 69
cob=(1)
cfi=(53)
cfn=(354)
calls=1 30 
0 885
0 13

ob=(2)
fl=(13)
fn=(174)
0 2
cob=(3)
cfi=(38)
cfn=(176) 0x0000000000000510
calls=1 0 
0 6
0 1
cob=(3)
cfi=(38)
cfn=(182) 0x00000000000005b0
calls=1 0 
0 6
0 1
cob=(3)
cfi=(38)
cfn=(188) 0x0000000000000710
calls=1 0 
0 11
0 2

fn=(222)
0 2
cob=(5)
cfi=(50)
cfn=(224)
calls=1 0 
0 6
0 1
cob=(5)
cfi=(50)
cfn=(230)
calls=1 0 
0 6
0 1
cob=(5)
cfi=(50)
cfn=(236)
calls=1 0 
0 11
0 2

fn=(412)
0 2
cob=(8)
cfi=(56)
cfn=(414)
calls=1 0 
0 6
0 1
cob=(8)
cfi=(56)
cfn=(420)
calls=1 0 
0 6
0 1
cob=(8)
cfi=(56)
cfn=(426)
calls=1 0 
0 11
0 2

fn=(242)
0 2
cob=(6) /lib/libm-2.11.1.so
cfi=(51) ???
cfn=(244) 0x0000000000003ef0
calls=1 0 
0 6
0 1
cob=(6)
cfi=(51)
cfn=(250) 0x0000000000003f90
calls=1 0 
0 6
0 1
cob=(6)
cfi=(51)
cfn=(256) 0x00000000000447c0
calls=1 0 
0 11
0 2

fn=(262)
0 2
cob=(7)
cfi=(52)
cfn=(264)
calls=1 0 
0 6
0 1
cob=(7)
cfi=(52)
cfn=(270)
calls=1 0 
0 6
0 1
cob=(7)
cfi=(52)
cfn=(276)
calls=1 0 
0 1696
0 2

fn=(574)
0 2
cob=(3)
cfi=(38)
cfn=(576)
calls=1 0 
0 977
0 2

fn=(620)
0 2
cob=(6)
cfi=(51)
cfn=(622) 0x0000000000003f10
calls=1 0 
0 1402
0 2

fn=(564)
0 2
cob=(8)
cfi=(56)
cfn=(566)
calls=1 0 
0 18
0 2

fn=(598)
0 2
cob=(7)
cfi=(52)
cfn=(600)
calls=1 0 
0 1445

ob=(3)
fl=(38)
fn=(182)
0 6

fn=(176)
0 6

fn=(188)
0 7

ob=(2)
fl=(13)
fn=(598)
0 2

fn=(640)
0 2
cob=(5)
cfi=(50)
cfn=(642)
calls=1 0 
0 1402

ob=(3)
fl=(38)
fn=(188)
0 4

ob=(2)
fl=(13)
fn=(640)
0 2

ob=(6)
fl=(51)
fn=(250)
0 6

fn=(244)
0 6

fn=(256)
0 11

fn=(622)
0 10
cob=(4)
cfi=(79)
cfn=(588)
calls=1 31 
0 69
cob=(1)
cfi=(53)
cfn=(354)
calls=1 30 
0 1310
0 13

totals: 241309411
