version: 1
creator: callgrind-3.6.0.SVN-Debian
pid: 21560
cmd:  ./a.out
part: 1


desc: I1 cache: 
desc: D1 cache: 
desc: L2 cache: 

desc: Timerange: Basic block 0 - 8300000
desc: Trigger: Program termination

positions: line
events: Ir
summary: 77573955


ob=(7) /usr/lib/libstdc++.so.6.0.13
fl=(52) ???
fn=(270) 0x000000000005a540
0 6

fn=(264) 0x000000000005a4a0
0 6

fn=(276) 0x00000000000d1200
0 11
cfn=(280) 0x00000000000c9500
calls=1 0 
0 11
0 16
cfn=(370) 0x000000000005c2d0
calls=1 0 
0 57
cfn=(368) 0x000000000005fef0
calls=1 0 
0 1
cfn=(366) 0x00000000000639f0
calls=1 0 
0 1
cfn=(346) 0x0000000000072400
calls=1 0 
0 1417
cfn=(320) 0x0000000000087050
calls=1 0 
0 49
cfn=(294) 0x00000000000ac590
calls=1 0 
0 49
cfn=(292) 0x00000000000c3ba0
calls=1 0 
0 1
cfn=(290) 0x00000000000c8ea0
calls=1 0 
0 52
0 31

fn=(346)
0 8
cob=(4) /lib/libc-2.11.1.so
cfi=(55) /build/buildd/eglibc-2.11.1/stdlib/cxa_atexit.c
cfn=(360) __cxa_atexit
calls=1 57 
0 62
cob=(1) /lib/ld-2.11.1.so
cfi=(53) /build/buildd/eglibc-2.11.1/elf/../sysdeps/x86_64/dl-trampoline.S
cfn=(354) _dl_runtime_resolve
calls=1 30 
0 1278
0 7
cob=(4)
cfi=(55)
cfn=(360)
calls=1 57 
0 62

fn=(292)
0 1

fn=(320)
0 49

fn=(368)
0 1

fn=(370)
0 57

fn=(294)
0 49

fn=(280)
0 11

fn=(290)
0 52

fn=(366)
0 1

ob=(5) /lib/libgcc_s.so.1
fl=(50) ???
fn=(230) 0x0000000000002e20
0 6

fn=(224) 0x0000000000002d80
0 6

fn=(236) 0x0000000000013390
0 11

ob=(1)
fl=(19) /build/buildd/eglibc-2.11.1/elf/dl-load.c
fn=(64) fillin_rpath
380 16
+4 3
cfi=(14) /build/buildd/eglibc-2.11.1/elf/dl-minimal.c
cfn=(66) strsep
calls=1 -64 
* 282
* 3
cfi=(14)
cfn=(66)
calls=1 -64 
* 9
* 6
+3 2
cfi=(9) /build/buildd/eglibc-2.11.1/string/../sysdeps/x86_64/multiarch/../rtld-strlen.S
cfn=(18) strlen
calls=1 29 
* 44
+4 1
-4 1
+4 1
+15 2
+29 15
+1 8
-38 4
+5 3
+51 3
+3 4
cfi=(14)
cfn=(36) malloc
calls=1 96 
* 28
+3 1
-3 1
+3 1
+4 1
+2 3
-2 2
+2 1
cfi=(15) /build/buildd/eglibc-2.11.1/string/../sysdeps/x86_64/memcpy.S
cfn=(58) mempcpy
calls=1 56 
* 31
* 1
+3 1
-2 2
+2 1
+6 2
+1 1
-1 2
+1 15
+1 1
-1 3
+1 1
-1 12
+1 2
-1 1
+1 1
-1 4
+1 1
-1 3
+4 1
-1 2
+1 1
+7 2
+1 1
+3 3
+5 1
+3 9
-14 2

fn=(82) _dl_map_object
1954 168
+7 24
+1 24
+3 72
+12 98
-12 147
+5 168
+1 112
+2 168
cfi=(26) /build/buildd/eglibc-2.11.1/elf/dl-misc.c
cfn=(84) _dl_name_match_p
calls=56 301 
* 3496
* 112
2236 108
1997 5
-1 10
+10 5
-1 10
+26 10
-2 5
+2 5
cfi=(22) /build/buildd/eglibc-2.11.1/string/../sysdeps/x86_64/multiarch/../strchr.S
cfn=(62) index
calls=5 26 
* 137
* 10
2168 2
+1 3
cfn=(86) expand_dynamic_string_token
calls=1 310 
* 231
+2 1
-3 1
+3 1
+4 9
cfn=(88) open_verify
calls=1 1561 
* 202
+3 1
-3 1
+3 1
+11 15
+3 10
+41 5
+1 35
-1 5
+1 15
cfn=(94) _dl_map_object_from_fd
calls=5 835 
* 7952
* 10
1996 10
+39 8
cfi=(9)
cfn=(18)
calls=4 29 
* 205
* 4
+2 4
-2 4
+2 4
+7 16
+33 12
+1 56
cfn=(110) open_path
calls=4 1805 
* 1559
+6 4
-6 4
+6 4
+78 8
-78 8
595 12
2091 12
+6 8
cfi=(31) /build/buildd/eglibc-2.11.1/elf/dl-cache.c
cfn=(114) _dl_load_cache_lookup
calls=4 182 
* 5405
+2 4
-2 4
+2 4
+4 12
+12 8
+22 40
cfn=(88)
calls=4 1561 
* 872
+3 12
+2 12
cfn=(120) local_strdup
calls=4 160 
* 527
+1 4
-1 4
+1 8
-90 4
-5 8
+5 4
+3 8
-3 4
+3 8
-3 4
+3 28
-3 12
595 12
2054 12
+13 20
+1 20
595 12
1978 49
-1 98
+4 28
+2 28
-2 56
+2 84
cfi=(16) /build/buildd/eglibc-2.11.1/string/../sysdeps/x86_64/multiarch/../strcmp.S
cfn=(44) strcmp
calls=28 63 
* 637
* 84

fn=(120)
160 16
+1 4
cfi=(9)
cfn=(18)
calls=4 29 
* 226
* 4
+1 8
cfi=(14)
cfn=(36)
calls=4 -66 
* 112
+2 8
+3 8
+1 8
-1 4
+1 4
-1 4
cfi=(15)
cfn=(42) memcpy
calls=4 56 
* 121

fn=(86)
310 8
+10 1
-10 1
+10 2
cfi=(22)
cfn=(62)
calls=1 26 
* 43
* 2
161 2
cfi=(9)
cfn=(18)
calls=1 29 
* 81
* 1
+1 2
cfi=(14)
cfn=(36)
calls=1 -66 
* 28
+2 2
+3 2
335 3
167 1
335 4
167 1
cfi=(15)
cfn=(42)
calls=1 56 
* 47

fn=(88)
1561 132
+36 12
-36 36
+36 46
+21 48
cfi=(20) /build/buildd/eglibc-2.11.1/io/../sysdeps/unix/syscall-template.S
cfn=(90) open
calls=12 82 
* 102
+1 12
-1 12
+1 12
+11 15
-1 5
+1 25
cfi=(20)
cfn=(92) read
calls=5 82 
* 25
* 10
+7 15
-7 5
+7 5
+16 70
+50 10
+5 10
+2 15
+6 10
+7 5
+1 5
+1 5
-2 20
+1 15
+16 20
+15 10
-15 256
+1 93
+4 25
+1 15
+14 35
+2 15
+5 2
+1 2
-13 87
+16 4
+6 2
-3 2
+1 2
+1 2
+1 4
+14 114
-13 2
-1 22

fn=(110)
1805 32
+1 4
-1 20
+7 4
-7 4
+1 4
+6 8
+5 16
+52 8
-52 4
+52 4
-52 28
+75 12
-63 12
+7 16
cfi=(15)
cfn=(58)
calls=4 56 
* 124
+1 4
-1 4
+1 28
+20 8
-20 79
+3 32
+4 42
cfi=(15)
cfn=(58)
calls=7 56 
* 127
* 28
cfi=(15)
cfn=(58)
calls=7 56 
* 197
* 7
-1 7
+7 14
+3 49
cfn=(88)
calls=7 1561 
* 322
* 7
+2 21
+26 12
+2 9
+39 4
-41 4
+41 20
+7 4
-2 4
+2 16
-67 8
+1 24
+79 4
-79 8
+6 8
+3 4
-3 4
+3 12
cfi=(30) /build/buildd/eglibc-2.11.1/io/../sysdeps/unix/sysv/linux/wordsize-64/xstat.c
cfn=(112) _xstat
calls=4 37 
* 49
-1 8
+1 4
+2 6
+7 12
+65 36
-14 12
+10 8
-66 3

fn=(52) _dl_init_paths
618 1
+15 2
-15 8
+15 3
cfi=(7) /build/buildd/eglibc-2.11.1/elf/../elf/dl-sysdep.c
cfn=(54) _dl_important_hwcaps
calls=1 353 
* 355
+4 1
-4 1
+4 1
cfi=(14)
cfn=(36)
calls=1 96 
* 28
+2 1
-2 2
+2 1
+7 7
+4 2
cfi=(14)
cfn=(36)
calls=1 96 
* 53
* 1
+3 3
+7 1
+22 1
-3 1
+1 2
+2 1
-23 1
+23 4
-22 1
+18 1
+4 2
-12 1
-2 1
+3 1
+2 1
-3 1
+4 2
+4 1
-3 1
+3 1
-8 3
-2 3
+3 3
+2 3
-3 3
+4 6
+4 3
-3 3
+3 3
+1 8
-1 52
+2 4
-1 12
+1 4
-1 48
+1 8
-1 4
+1 4
-1 16
+1 4
-1 12
+3 4
-14 4
+14 24
+7 1
+4 1
-5 1
+6 2
+2 4
+2 3
+32 5
+8 3
cfi=(22)
cfn=(62)
calls=1 26 
* 34
* 2
+2 2
cfi=(9)
cfn=(18)
calls=1 29 
* 52
* 8
cfi=(15)
cfn=(42)
calls=1 56 
* 31
* 1
+17 7
+2 1
+1 2
+1 1
-4 3
+2 13
+1 26
+1 13
-4 40
+7 1
cfi=(14)
cfn=(36)
calls=1 96 
* 28
+2 1
-2 1
+2 1
+6 7
cfn=(64)
calls=1 380 
* 552
+4 3
+6 1
-52 1
+58 2
+1 8
-75 1
-2 1
+2 2
+11 2

fn=(94)
835 60
+11 5
-11 5
+11 5
-11 5
+11 5
cfi=(23) /build/buildd/eglibc-2.11.1/elf/dl-debug.c
cfn=(68) _dl_debug_initialize
calls=5 52 
* 45
+4 15
-4 5
+4 5
cfi=(27) /build/buildd/eglibc-2.11.1/io/../sysdeps/unix/sysv/linux/wordsize-64/fxstat.c
cfn=(96) _fxstat
calls=5 37 
* 50
* 10
+11 35
+1 15
-1 60
+1 80
+17 10
+22 15
+9 10
+21 20
+31 15
+3 35
cfi=(12) /build/buildd/eglibc-2.11.1/elf/dl-object.c
cfn=(28) _dl_new_object
calls=5 36 
* 2322
+1 5
-1 5
+1 5
-52 5
+63 5
+1 5
-64 5
+63 5
+2 5
+3 5
-4 5
+1 5
+2 20
+1 15
+1 10
+22 5
+8 5
-25 5
+17 5
+8 10
-8 20
+8 10
-8 5
+8 10
-8 5
+8 10
+89 10
-47 5
+47 15
-47 5
+47 15
-88 68
+6 15
+1 20
-8 328
+1 246
+60 6
+4 2
+1 4
+1 6
+4 4
+3 4
+4 8
+6 2
cfi=(32) /build/buildd/eglibc-2.11.1/elf/dl-tls.c
cfn=(122) _dl_next_tls_modid
calls=2 54 
* 16
* 6
+1 2
-67 50
+6 60
+8 10
+1 10
-1 10
+1 10
-1 20
+1 10
+1 70
+2 30
+1 30
+1 30
+4 10
-4 10
+4 25
+5 45
+11 5
-11 45
+11 5
-46 6
+1 2
1156 15
+1 15
-5 10
+1 5
-70 8
+78 20
978 5
1174 10
978 5
1174 20
+2 5
-2 5
+2 5
+19 40
cfi=(21) /build/buildd/eglibc-2.11.1/misc/../sysdeps/unix/syscall-template.S
cfn=(60) mmap
calls=5 82 
* 30
+4 5
-4 5
+4 10
+7 15
+1 5
+2 5
-2 5
+2 5
+10 10
+35 30
+1 15
+2 20
+7 40
+6 5
+2 5
-2 5
+1 5
+2 10
-1 20
+8 10
+3 10
+11 40
cfi=(28) /build/buildd/eglibc-2.11.1/string/../string/memset.c
cfn=(100) memset
calls=5 32 
* 930
+1 30
+5 10
+15 10
-73 50
+4 10
-2 10
+2 50
cfi=(21)
cfn=(60)
calls=5 82 
* 30
-2 10
-29 35
cfi=(21)
cfn=(98) mprotect
calls=5 82 
* 25
* 5
1319 5
-77 5
+77 10
+9 5
fi=(3) /build/buildd/eglibc-2.11.1/elf/dynamic-link.h
113 5
fe=(19)
1328 5
fi=(3)
113 5
+6 5
-2 5
+2 10
+7 5
+5 5
+3 5
+1 5
-3 5
-5 10
-1 124
+1 78
+10 26
-18 78
+18 5
-18 15
+2 228
+8 83
+8 83
-18 249
+25 15
+20 20
+1 20
+1 20
+1 20
+2 20
+5 20
+1 19
+1 20
+6 15
+5 10
+7 10
+1 20
+16 15
+5 1
+2 1
-2 2
+2 1
+2 2
+2 2
+3 15
+2 2
+2 2
+3 10
fe=(19)
1334 15
+16 15
+19 10
+2 25
+51 15
+1 4
+3 4
cfi=(20)
cfn=(104) close
calls=2 82 
* 10
* 6
cfi=(20)
cfn=(104)
calls=3 82 
* 15
* 10
+8 10
+3 10
+2 5
-2 5
+2 5
+16 10
cfi=(6) /build/buildd/eglibc-2.11.1/elf/dl-lookup.c
cfn=(10) _dl_setup_hash
calls=5 843 
* 145
+4 10
+1 10
+17 10
+4 5
+5 5
-5 5
+1 10
+4 5
+8 5
-1 10
+20 45
-35 2
fi=(3)
128 20
+3 20
+3 20
+1 20
fe=(19)
1259 9
-2 9
+2 3
-2 3
+3 3
-3 3
+2 3
+1 18
+2 12
+42 16
cfi=(21)
cfn=(60)
calls=2 82 
* 12
+3 4

fl=(21)
fn=(60)
82 85
+1 17

fn=(98)
82 48
+1 12

fn=(168) munmap
82 4
+1 1

fl=(26)
fn=(116) _dl_sysdep_read_whole_file
44 2
+3 1
-3 4
+3 1
-3 1
+3 1
cfi=(20)
cfn=(90)
calls=1 +35 
* 5
+1 1
-1 1
+1 2
+2 4
cfi=(27)
cfn=(96)
calls=1 -13 
* 10
* 2
+2 1
+3 1
-3 1
+3 1
+13 2
cfi=(20)
cfn=(104)
calls=1 +14 
* 5
+3 7
-14 7
cfi=(21)
cfn=(60)
calls=1 +25 
* 6
* 2

fn=(84)
301 925
+1 370
cfi=(16)
cfn=(44)
calls=185 63 
* 1302
* 370
+3 185
+2 370
+4 183
-4 549
+1 597
cfi=(16)
cfn=(44)
calls=199 63 
* 4456
* 398
+6 16
-7 16
+7 217
-7 169
+7 507

fl=(1) ???
fn=(0) 0x0000000000000af0
0 2
cfi=(2) /build/buildd/eglibc-2.11.1/elf/rtld.c
cfn=(2) _dl_start
calls=1 363 
0 1257813
0 14
cfi=(37) /build/buildd/eglibc-2.11.1/elf/dl-init.c
cfn=(172) _dl_init
calls=1 93 
0 8523
0 3
cob=(8) /home/jirka/testc/sudoku/a.out
cfi=(56) ???
cfn=(400) 0x0000000000400650
calls=1 0 
0 76307600

fl=(27)
fn=(96)
37 6
-1 6
+1 6
+1 36
+4 6

fl=(7)
fn=(164) _dl_sysdep_start_cleanup
251 1

fn=(54)
353 6
+3 1
-3 2
+3 1
-1 1
+1 1
+9 1
-12 4
+12 1
+10 3
+44 4
cfi=(20)
cfn=(56) access
calls=1 82 
* 11
* 3
-2 1
+17 1
-17 1
+17 5
+3 2
+22 2
+8 2
+2 1
+1 1
-1 2
+1 4
+8 1
-4 2
+1 1
-1 1
+4 1
+3 2
+4 6
+1 2
+18 10
+1 3
cfi=(14)
cfn=(36)
calls=1 96 
* 28
+1 1
-1 2
+1 1
+7 2
+22 3
+3 1
-3 3
+3 1
+28 2
-7 1
+7 4
+1 1
-1 1
+1 1
-1 1
+1 1
-1 1
+1 3
-1 3
+1 3
-1 3
+1 3
-1 5
+5 2
-5 3
+5 3
+3 1
-3 1
+3 1
-3 3
+3 1
-3 1
+3 7
+2 16
-2 4
+1 12
-1 2
+1 12
-1 10
+4 4
+3 1
+2 2
-1 1
-1 2
+2 3
+13 13
+3 3
-3 3
+3 3
+3 4
+3 8
379 3
+63 4
+98 5
cfi=(15)
cfn=(58)
calls=1 56 
* 22
* 1
+1 1
-1 1
+1 2
cfi=(15)
cfn=(58)
calls=1 56 
* 22
* 3

fn=(12) _dl_sysdep_start
88 8
+25 1
-1 1
+1 140
+3 1
-3 1
+6 2
-2 1
-1 1
+3 1
-6 1
+6 4
+1 1
-1 7
+1 105
+3 2
-4 49
fi=(17) /build/buildd/eglibc-2.11.1/elf/../sysdeps/unix/sysv/linux/dl-sysdep.c
-83 2
cfi=(8) /build/buildd/eglibc-2.11.1/elf/../sysdeps/unix/sysv/linux/x86_64/brk.c
cfn=(14) brk
calls=1 -7 
* 11
fi=(5) /build/buildd/eglibc-2.11.1/elf/../sysdeps/x86_64/dl-machine.h
226 5
fe=(7)
+2 2
cfi=(10) /build/buildd/eglibc-2.11.1/elf/../misc/sbrk.c
cfn=(20) sbrk
calls=1 35 
* 17
* 3
+12 3
+3 4
cfi=(2)
cfn=(22) dl_main
calls=1 886 
* 1256581
+2 9
-67 1
-59 4
+34 1
-34 4
+43 1
-43 4
+40 1
-40 4
+37 1
-37 5
+13 1
-13 4
+10 1
-10 4
+7 1
-7 4
226 1
cfi=(9)
cfn=(18)
calls=1 29 
* 41
* 2

fl=(9)
fn=(18)
29 23
+1 23
+1 23
+1 23
+2 10
+1 10
+2 10
+1 10
-1 31
+1 31
+1 40
+1 40
+1 40
+2 44
+5 22
+1 22
+1 22
+1 22
+3 22
-6 3
+1 3
+1 3
+1 3
+3 3
+1 20
+1 20
+1 20
+2 20
+3 20
+1 20
+1 20
+1 20
+3 20
+1 14
+1 14
+1 14
+2 14
+3 7
+1 7
+1 7
+1 7
+3 7
+1 5
+1 5
+1 5
+2 5
+3 3
+1 3
+1 3
+1 3
+3 3
+1 3
+1 3
+1 3
+2 3
+3 22
+2 22
+1 22
+1 22
+2 22
+1 22
+1 16
+2 16
+1 16
+1 14
+2 14
+1 14
+1 14
+2 14
+2 14
+1 14
+1 13
+2 13
+1 13
+1 12
+2 12
+1 12
+1 8
+2 8
+1 8
-1 15
+1 15

fl=(33) /build/buildd/eglibc-2.11.1/elf/dl-version.c
fn=(132) match_symbol
82 170
+9 17
-8 17
-1 51
+1 17
+8 17
+6 51
+15 17
+1 34
+2 17
+5 34
+14 182
+12 222
+4 148
-30 148
+19 102
cfi=(16)
cfn=(44)
calls=17 -76 
* 1357
* 51
+34 17
+1 119

fn=(130) _dl_check_map_versions
180 63
+15 7
-15 14
+15 14
+2 7
+3 7
-3 7
+2 7
+1 7
+2 7
-3 7
+3 7
+3 15
+4 5
-4 5
+4 10
+10 15
+7 5
62 5
226 10
62 30
226 4
62 4
226 8
62 42
+1 41
-1 82
+2 150
cfi=(26)
cfn=(84)
calls=50 301 
* 3169
* 100
230 18
+4 27
+5 36
+20 16
-16 152
cfn=(132)
calls=2 82 
* 399
* 90
cfn=(132)
calls=15 82 
* 2389
* 85
+11 51
+9 36
+5 12
+1 8
+8 14
+3 20
+10 96
-10 192
+6 144
-6 20
+6 15
+8 14
+83 63
-77 6
-1 18
cfi=(14)
cfn=(32) calloc
calls=6 111 
* 247
+2 6
-2 12
+2 6
+11 6
+2 6
-5 6
+3 12
+2 6
+3 25
+4 10
+4 30
+1 20
+1 15
+1 15
+2 15
-9 8
+4 24
+1 16
+1 12
+1 12
+2 12
-5 8
+10 8
-10 24
+1 12
+1 12
+1 12
+2 12
+5 8
-10 24
+1 12
+1 12
+1 12
+2 12
+8 27
+5 12
+1 4
+4 12
+3 25
+20 96
-14 48
-2 48
+2 53
-2 5
+2 5
+5 96
+1 48
-1 240
+1 48
+1 48
-1 96
+4 164

fn=(128) _dl_check_all_versions
383 5
+4 1
-4 1
+4 1
-4 1
+4 3
+1 21
-1 7
+1 7
-1 14
+5 7
-3 28
cfn=(130)
calls=7 180 
* 9539
-1 28

fl=(24) /build/buildd/eglibc-2.11.1/elf/dl-error.c
fn=(124) _dl_receive_error
198 10
+1 1
cfi=(2)
cfn=(76) _dl_initial_error_catch_tsd
calls=1 794 
* 2
+5 1
-1 1
-4 1
+9 1
+2 1
-3 1
+3 1
cfi=(2)
cfn=(126) version_check_doit
calls=1 658 
* 9673
+2 1
+1 1
+1 8

fn=(74) _dl_catch_error
160 84
+9 12
+2 12
cfi=(2)
cfn=(76)
calls=12 794 
* 24
* 12
+1 12
+2 24
-2 12
+2 12
cfi=(25) /build/buildd/eglibc-2.11.1/setjmp/../sysdeps/x86_64/setjmp.S
cfn=(78) __sigsetjmp
calls=12 26 
* 228
+1 12
-1 12
+1 12
+2 24
+1 12
-1 12
+1 12
cfi=(29) /build/buildd/eglibc-2.11.1/elf/dl-deps.c
cfn=(108) openaux
calls=11 62 
* 21526
cfi=(2)
cfn=(80) map_doit
calls=1 627 
* 2192
+1 36
+1 12
+1 12
-1 12
+2 12
-1 12
+1 12
+10 48

fl=(31)
fn=(118) _dl_cache_libcmp
169 126
-29 84
+2 126
+20 126
+2 84
+4 42
+1 84
cfn=(119) _dl_cache_libcmp'2
calls=42 * 
* 3284

fn=(119)
169 591
-29 406
+2 591
+2 18
+6 12
+1 6
-1 6
+2 6
-1 12
+1 18
+2 24
+2 12
+6 573
+2 382
+4 155
+1 310
cfn=(119)
calls=155 * 
* 9107
+3 12
+1 6
-8 144

fn=(114)
182 32
+8 8
+3 12
+45 8
+6 12
+15 8
-6 4
+6 4
cfi=(20)
cfn=(56)
calls=4 82 
* 44
* 4
+17 20
-23 4
+23 8
-23 4
+23 629
cfn=(118)
calls=36 169 
* 3184
* 208
+21 36
196 4
cfi=(26)
cfn=(116)
calls=1 44 
* 68
+8 2
+1 1
-1 2
+1 3
-1 13
+8 1
-3 2
+3 3
+3 1
+1 2
-1 1
+1 1
+19 2
-17 2
-2 22
+60 76
cfn=(118)
calls=2 169 
* 178
* 20
cfn=(118)
calls=4 169 
* 594
* 162
+16 16

fn=(166) _dl_unload_cache
306 1
+1 4
+2 2
cfi=(21)
cfn=(168)
calls=1 82 
* 5
+1 1
+2 2

fl=(22)
fn=(62)
26 18
+1 18
+1 18
+1 18
+1 18
+1 18
+1 18
+1 18
+1 18
+1 18
+1 18
+1 18
+1 18
+1 18
+1 18
+1 18
+1 18
+1 18
+1 18
+1 18
+1 18
+2 12
+1 12
+1 12
+1 12
+1 12
+1 12
+1 12
+1 12
+1 12
+2 18
+1 18
+1 1
+1 1
+1 1
+1 1
+1 17
+1 18

fl=(32)
fn=(136) _dl_determine_tlsoffset
116 7
+6 3
+3 2
+36 3
+2 9
-38 1
+38 2
+3 4
+4 4
-4 6
+2 4
+2 6
+12 4
+4 10
+2 8
+10 2
-37 4
+37 2
-37 5
+41 1
-1 1
+52 1
-51 4
+52 8

fn=(138) _dl_allocate_tls_storage
332 1
+13 1
-13 2
+2 1
+11 2
cfi=(14)
cfn=(40) __libc_memalign
calls=1 53 
* 50
+1 1
-1 1
+1 1
+7 1
+4 305
-58 1
+1 1
-1 1
+1 2
cfi=(14)
cfn=(32)
calls=1 111 
* 37
+1 2
+3 1
+6 2
+64 5

fn=(122)
54 2
+3 6
+48 4
+4 4

fn=(162) _dl_allocate_tls_init
380 7
+1 1
-1 1
+1 1
+12 1
-8 1
+8 5
+5 7
+6 11
+22 4
+1 6
+2 4
+1 6
+8 6
+1 6
+1 10
cfi=(15)
cfn=(58)
calls=2 56 
* 37
* 8
cfi=(28)
cfn=(100)
calls=2 32 
* 112
* 6
-42 6
+6 9
+3 1
+1 2
-1 1
+1 2
+6 2
+2 2
-2 4
+2 4
+38 1
+3 9

fn=(160) _dl_add_to_slotinfo
820 2
+9 2
-9 6
+6 4
+8 6
+42 2
-1 6
+1 4
+1 8

fl=(12)
fn=(28)
36 54
+3 6
-3 24
+3 6
cfi=(9)
cfn=(18)
calls=6 -10 
* 296
+6 6
-6 6
+7 12
+6 24
cfi=(14)
cfn=(32)
calls=6 +59 
* 253
+3 6
-3 6
+3 12
+4 6
+5 6
-6 6
+4 6
+2 6
-5 6
+3 6
+2 12
cfi=(15)
cfn=(42)
calls=6 -8 
* 169
+2 6
-2 6
+5 6
-1 6
-2 6
+3 24
+3 6
-3 6
+3 6
+9 6
-7 6
+4 6
+3 6
-47 5
+49 2
-2 2
+2 30
-2 30
+18 12
-6 6
+1 6
+5 6
-6 6
+6 23
+3 80
+7 5
-5 5
+2 5
+3 35
+4 15
+1 10
+1 5
+3 5
-3 5
+3 5
-5 3
+1 2
+1 1
+3 1
-3 1
+3 2
+4 15
+4 35
+8 1
+6 1
-3 2
+3 7
-3 10
+3 10
+2 10
cfi=(9)
cfn=(18)
calls=5 29 
* 263
* 5
+4 5
-4 5
+4 5
+64 5
+4 54
46 60
+27 12
+39 5
+10 1
+4 4
+24 10
cfi=(14)
cfn=(36)
calls=5 -54 
* 140
+1 5
-1 5
+1 15
+45 15
cfi=(15)
cfn=(58)
calls=5 56 
* 166
* 5
+6 158
-1 79
+1 84
-1 5
+1 5
+2 10
+3 10

fl=(15)
fn=(42)
56 24
+2 24
+2 24
+3 24
+1 24
+2 6
+1 6
+2 6
+1 6
+5 6
+1 6
-1 18
+1 18
+2 9
+1 9
+2 9
+1 18
+5 9
+1 9
-1 15
+1 15
+2 6
+1 6
+2 6
+1 6
+5 6
+1 6
-1 18
+1 18
+2 14
+1 14
+2 14
+1 14
+5 14
+1 14
-1 10
+1 21
+5 11
+1 11
+1 11
+1 11
+2 11
+2 11
+1 11
+2 11
+8 24
+8 6
+6 6
+2 6
+1 6
+3 1
+1 2
+5 1
+1 1
+2 1
+2 1
+1 1
+2 1
-8 1
+1 1
+2 1
+2 1
+1 1
+2 2
+9 1
+1 1
-1 5
+1 5
+3 6
+1 6
+1 6
+5 6
+2 6
+1 6
+1 6
+1 6
+2 6
+1 6
+1 6
+1 6
+2 6
+1 6
+2 6
+22 6
+6 6
+1 6

fn=(58)
56 28
+4 28
+3 28
+1 28
+2 15
+1 15
+2 15
+1 15
+5 15
+1 15
-1 13
+1 13
+2 19
+1 19
+2 19
+1 19
+5 19
+1 19
-1 9
+1 9
+2 15
+1 15
+2 15
+1 15
+5 15
+1 15
-1 13
+1 13
+2 16
+1 16
+2 16
+1 32
+5 16
+1 16
-1 12
+1 16
+5 4
+1 4
+1 4
+1 4
+2 4
+2 4
+1 4
+2 4
+6 28
+4 28
+12 1
+2 1
+1 1
+26 1
+1 1
+3 1
+1 1
+1 1
+5 1
+2 1
+1 1
+1 1
+1 1
+2 1
+1 1
+1 1
+1 1
+2 1
+1 1
+2 1
+22 1
+2 1

fl=(14)
fn=(36)
96 105
cfn=(40)
calls=35 -43 
* 956

fn=(32)
111 14
-3 14
+3 28
-3 14
+3 28
+4 28
cfn=(36)
calls=14 -19 
* 448

fn=(66)
320 4
+3 12
+2 4
+1 8
+4 16
+5 4
-5 177
+5 240
+2 488
+8 61
-15 185
+18 2
+4 8

fn=(40)
53 144
+1 143
+11 105
+3 35
-3 35
+3 70
-3 3
+3 1
-3 1
+3 130
+4 16
+1 12
+6 28
cfi=(21)
cfn=(60)
calls=4 +3 
* 24
+2 8
+3 8
+1 8
-1 4
+1 8
+3 4
+1 4
+2 16
-3 32
+1 32
+2 128
-31 2
-1 5

fl=(37)
fn=(172)
93 11
+5 1
-4 1
+1 1
+3 2
+7 2
+27 2
+1 16
+1 7
-1 7
+1 14
-97 21
+9 6
-3 12
+3 18
+5 15
+5 8
+8 8
+6 24
cob=(2) ???
cfi=(13) ???
cfn=(262) 0x0000000004c7bec8
calls=1 -70 
* 1714
cob=(2)
cfi=(13)
cfn=(242) 0x0000000004f3be00
calls=1 -70 
* 29
cob=(2)
cfi=(13)
cfn=(222) 0x00000000051bda98
calls=1 -70 
* 29
cob=(4)
cfi=(39) /build/buildd/eglibc-2.11.1/csu/../sysdeps/unix/sysv/linux/x86_64/../init-first.c
cfn=(194) _init
calls=1 -18 
* 6490
+4 4
+1 8
+65 8
-88 2
-6 4
-9 4
+9 1
-3 2
+3 3
+5 3
+5 2
+8 2
+6 7
cob=(2)
cfi=(13)
cfn=(174) 0x0000000004a224c8
calls=1 -70 
* 29
* 1
+4 1
+1 2
+26 2

fl=(10)
fn=(20)
35 3
+8 1
-8 1
+8 5
+4 2
+11 5

fl=(6)
fn=(154) check_match.12169
132 6990
+1 2330
+2 2330
+2 5825
+10 3495
+3 2330
+5 1165
-1 1165
+1 1165
-1 1165
+1 1165
+2 2328
+19 2328
+1 5820
+1 1164
-1 2328
+1 3492
cfi=(16)
cfn=(44)
calls=1164 63 
* 100090
-1 2328
+46 8155
-73 115
cfi=(16)
cfn=(44)
calls=23 -87 
* 1859
* 69
+55 3
+2 12
-72 2328

fn=(150) _dl_lookup_symbol_x
698 3531
459 1177
698 4708
459 1177
698 8239
459 5885
+1 2354
-1 1177
+1 3531
-1 3531
+1 89754
-1 44877
+1 134631
-1 136985
700 1177
+4 1177
+4 1177
-8 1177
+1 2354
+7 3505
+5 5885
+6 10593
+8 24
-8 60
+2 17655
cfn=(152) do_lookup_x
calls=1177 82 
* 493877
+3 2354
-5 1177
+33 2354
+23 3495
+1 6990
+35 4660
+14 3495
+3 3495
962 1165
833 1165
+1 1165
+1 9416
-81 84
+17 24
+1 12
+54 2

fn=(152)
82 11770
+1 1177
-6 1177
+5 2354
-5 10593
272 1177
-42 3531
+4 1177
-4 1177
+42 1177
-38 1177
98 1177
-3 1177
+1 1177
+2 1177
+3 1177
-3 1177
+3 1177
-3 2681
-3 2681
+1 2681
+2 2681
+3 2681
-3 2681
+3 2681
+4 7716
+4 7716
+4 7716
+7 11574
+4 3858
+1 3858
226 3858
124 7716
+1 7716
226 3858
+1 7716
+4 3858
+3 3858
-3 7716
+3 42438
+24 2693
+24 5386
444 8079
+1 2604
-1 7733
+4 10784
+4 9416
287 5704
+4 5042
+14 1165
-1 1165
+1 2330
+1 1165
445 395
cfi=(26)
cfn=(84)
calls=79 301 
* 3965
-1 395
241 7374
+1 2458
+2 8540
+10 6005
-7 15925
+2 2330
+1 1165
-1 1165
+1 4660
-1 3495
+1 4660
cfn=(154)
calls=1165 132 
* 161544
+1 6990
+45 220
fi=(36) /build/buildd/eglibc-2.11.1/elf/../sysdeps/generic/dl-hash.h
65 4660
fe=(6)

fn=(10)
843 7
+4 21
+5 7
+3 14
+2 7
-1 7
+3 21
+5 7
-4 7
+1 7
+3 7
-3 7
+7 7
-5 7
+1 7
+4 14
-7 7
+5 7
+2 21
+13 14

fl=(20)
fn=(56)
82 24
+1 6
+1 36

fn=(92)
82 20
+1 5

fn=(90)
82 52
+1 13
+1 42

fn=(104)
82 24
+1 6

fl=(16)
fn=(44)
63 1617
+1 1617
+1 1617
+1 1348
+1 1348
+1 1348
+1 1348
cfn=(45) strcmp'2
calls=1348 -6 
* 98389
+5 269
+1 269
+1 269
+1 269

fn=(45)
63 13707
+1 13707
+1 13707
+1 13579
+1 13579
+1 13579
+1 13579
cfn=(45)
calls=12359 -6 
* 500725
+2 1220
+1 1220
+2 128
+1 128
+1 128
+1 128

fl=(54) /build/buildd/eglibc-2.11.1/elf/../elf/dl-runtime.c
fn=(356) _dl_fixup
73 4
+6 8
-6 4
+6 4
-6 12
+6 4
+1 4
-4 4
+3 4
-3 4
+4 4
+1 4
-1 20
+6 4
-5 4
-1 4
+6 4
+4 8
+4 12
+5 24
+1 12
+8 16
+7 8
+3 40
cfi=(6)
cfn=(150)
calls=4 698 
* 4563
* 4
+4 12
+4 16
+6 28
+8 4
+7 16
+4 12
fi=(5)
+85 4
fe=(54)
-81 24

fl=(8)
fn=(14)
29 1
+3 4
+2 2
-2 1
+2 1
+7 2

fl=(23)
fn=(68)
52 14
+5 7
-5 7
+5 14
+4 1
-1 1
+1 1
+1 2
-1 1
+1 3
+1 2
+4 7
-10 12

fn=(70) _dl_debug_state
77 2

fl=(18) /build/buildd/eglibc-2.11.1/posix/../sysdeps/unix/syscall-template.S
fn=(50) uname
82 4
+1 1

fl=(17)
fn=(48) _dl_discover_osversion
67 4
+2 3
+85 5
-45 3
cfi=(18)
cfn=(50)
calls=1 -27 
* 5
* 3
+12 2
+10 12
+4 3
-2 9
+2 10
+3 4
-3 4
+7 3
-1 3
+2 3
+2 14
+5 2

fl=(28)
fn=(100)
32 7
-2 14
+2 7
+5 14
+1 21
+1 21
+3 21
+4 14
+8 14
+1 29
+2 5
+1 5
+1 5
+1 5
+1 5
+1 5
+1 5
+1 10
-9 10
+2 56
+1 56
+1 56
+1 56
+1 56
+1 56
+1 56
+1 112
-9 112
-30 10
+43 5
+3 10
+1 10
-4 2
+3 4
+1 25
+2 14
-2 14
+2 40
-2 40
-47 7
+53 7
+4 14
+8 7

fl=(25)
fn=(78)
26 12
+2 12
+1 24
+1 12
+4 12
+1 12
+1 12
+1 12
+1 12
+2 24
+2 12
+1 12
+2 24
+2 12
+4 12
+1 12

fl=(29)
fn=(106) _dl_map_object_deps
149 1
+1 1
-1 2
+1 1
-1 2
+1 1
-1 1
+1 2
-1 4
+1 1
-1 1
+1 2
+16 1
-16 1
+14 1
+1 1
+1 1
+6 3
+10 1
-10 1
+10 1
-36 5
+20 1
-2 1
+19 1
-17 1
+6 1
-6 1
-2 1
+2 1
-2 1
+1 1
+1 1
+6 3
+10 1
-10 1
+10 5
+19 1
-15 1
338 2
203 1
+1 1
-18 2
338 1
201 1
338 1
204 1
338 5
208 2
+5 1
+4 2
-9 12
+5 6
+4 12
+2 2
+3 14
+2 5
+11 5
-4 5
-7 5
+6 5
+1 5
-7 5
+5 5
+3 10
+3 35
+50 22
+1 21
-51 480
+1 240
+6 55
cfi=(22)
cfn=(62)
calls=11 26 
* 347
* 33
+5 55
-3 11
+3 11
cfi=(24)
cfn=(74)
calls=11 -87 
* 22153
+2 33
+15 11
+2 22
+5 5
+6 5
+2 5
-8 10
+5 5
-2 5
+1 5
+2 5
+4 30
-59 8
+13 4
466 14
+2 15
+2 15
cfi=(14)
cfn=(36)
calls=5 96 
* 140
+2 5
-2 5
+2 5
+4 20
-1 5
+2 5
-1 10
cfi=(15)
cfn=(42)
calls=5 56 
* 129
+1 20
cfi=(15)
cfn=(42)
calls=5 56 
* 129
+3 5
+4 42
+2 7
+1 44
217 26
+1 6
-1 12
+2 35
487 4
+4 2
+4 5
+11 4
cfi=(14)
cfn=(36)
calls=1 96 
* 28
+2 1
-2 1
+2 1
+5 2
+1 1
-1 1
+1 1
-1 1
+1 1
-1 1
+1 4
+8 5
+4 2
-10 3
+6 30
+4 12
-10 18
+13 2
+46 5
+2 4
+35 3
+7 1
+6 2
-6 1
+6 2
-6 5
+6 10
-6 5
+6 80
+5 22
+4 15
+1 10
-1 30
+1 25
+3 69
-1 132
-7 45
-13 24
+40 2
+10 1
-8 1
+8 1
+3 2
+3 8
491 2
+1 3
288 436
612 8
cfi=(15)
cfn=(42)
calls=1 56 
* 51
+5 4

fn=(108)
62 22
+4 11
-4 11
+7 11
-4 22
+1 11
-1 22
+1 44
-1 33
cfi=(19)
cfn=(82)
calls=11 1954 
* 21295
* 11
+5 33

fl=(2)
fn=(80)
627 2
+2 2
-2 1
+2 6
cfi=(19)
cfn=(82)
calls=1 1954 
* 2177
* 1
+3 3

fn=(126)
658 2
+3 4
cfi=(33)
cfn=(128)
calls=1 383 
* 9663
-1 2
+4 2

fn=(2)
363 9
+18 4
fi=(5)
76 2
fe=(2)
381 1
+29 2
-3 1
fi=(3)
119 1
fe=(2)
410 1
fi=(3)
119 2
+3 1
+4 1
+5 1
+3 1
+1 1
-3 1
-5 2
-5 13
+15 13
-18 39
+18 1
-18 3
+2 36
+5 20
+1 12
+10 4
-18 13
+25 2
+20 4
+1 4
+1 4
+1 4
+2 4
+5 4
+1 4
+1 4
+6 3
+5 2
+7 3
+1 3
+8 3
+2 3
+3 2
+1 2
fe=(2)
538 2
+7 1
286 2
+12 2
cfi=(6)
cfn=(10)
calls=1 843 
* 29
+1 1
+1 1
+1 1
-2 1
+3 1
-2 1
+1 1
+1 1
+21 1
+10 1
-10 3
+10 1
-6 1
-4 1
+10 1
cfi=(7)
cfn=(12)
calls=1 88 
* 1257048
* 1
+9 1
+7 1
-4 1
+4 1
570 9
fi=(3)
128 4
+3 4
fe=(2)
543 14
fi=(4) /build/buildd/eglibc-2.11.1/elf/do-rel.h
76 1
-1 1
+2 1
-2 1
+2 1
+2 8
+25 2
fi=(5)
466 14
fi=(4)
105 14
fi=(5)
466 14
+1 28
-2 14
fi=(4)
104 28
fi=(5)
467 14
fi=(4)
104 15
+5 2
+11 8
+2 8
fi=(5)
288 24
fi=(4)
120 24
fi=(5)
296 24
+4 8
-4 16
+4 24
+6 24
+1 16
fi=(4)
117 27
fi=(3)
+17 4
+1 4
fe=(2)
286 67

fn=(22)
886 1
+19 1
+7 1
-26 6
+32 1
-32 4
+27 1
-5 1
+10 1
+3 1
-16 1
+7 1
-4 1
+5 1
+8 1
cfn=(24) process_envvars
calls=1 2494 
* 528
+7 4
1090 7
cfi=(12)
cfn=(28)
calls=1 36 
* 248
+2 1
-2 1
+2 1
+1 2
+2 1
+1 2
-2 1
+1 1
+1 2
+29 1
-3 1
+3 1
-8 1
+1 1
+2 1
+5 6
+1 24
-1 36
+1 50
+95 2
+1 3
-5 2
+1 1
-88 3
+1 1
+49 2
+1 2
-1 8
+2 4
+1 2
+3 2
+1 2
-1 2
+1 2
+1 2
+1 6
+1 2
-46 1
+10 1
-10 1
+10 1
-7 2
-3 1
+10 1
+68 2
-87 3
+1 1
+92 3
+3 2
+2 2
+2 3
+13 3
+1 6
cfi=(16)
cfn=(44)
calls=1 63 
* 7
-1 2
+11 1
-3 1
-2 1
+3 1
+2 2
+1 2
+4 2
+2 2
fi=(3)
104 1
+9 2
+6 1
-2 1
+2 2
+7 1
+5 1
+3 1
+1 1
-3 1
-5 2
-1 16
+1 9
+10 3
-18 9
+18 1
-18 3
+2 46
+8 19
+8 19
-18 57
+25 3
+38 3
+5 2
+7 2
+1 3
+16 3
+14 3
+7 2
fe=(2)
1271 2
cfi=(6)
cfn=(10)
calls=1 843 
* 29
+3 2
+20 4
fi=(3)
128 4
fe=(2)
1383 1
cfi=(17)
cfn=(48)
calls=1 67 
* 92
* 8
+5 2
cfi=(19)
cfn=(52)
calls=1 618 
* 1601
+3 3
cfi=(23)
cfn=(68)
calls=1 52 
* 18
+7 1
-7 1
+2 1
+5 1
+4 1
+3 1
-2 1
+3 1
-2 1
-2 2
+9 1
-9 1
+1 1
+8 1
+5 1
+4 1
-3 2
+3 1
+4 1
-5 1
+5 2
+1 2
+1 1
-1 2
+1 3
+2 2
+1 2
+5 2
+5 4
1620 3
+3 2
+4 3
+5 2
+1 1
cfi=(23)
cfn=(70)
calls=1 77 
* 1
+4 3
+15 3
+4 4
+31 3
cfi=(20)
cfn=(56)
calls=1 82 
* 11
* 2
+77 1
+11 1
-11 3
+17 1
+1 2
-1 1
+1 2
-1 1
+1 3
cfi=(29)
cfn=(106)
calls=1 149 
* 25623
+1 1
+2 5
+3 1
-3 2
+3 1
-3 1
+3 1
-3 1
+3 1
+1 5
-1 2
+1 24
-1 13
+4 3
+1 3
+1 1
+2 2
+1 32
-1 15
fi=(3)
131 4
+3 4
+1 4
fe=(2)
1797 2
+13 1
-1 2
+1 1
+2 4
+5 1
-5 1
+4 2
+12 1
+2 3
+1 1
+1 1
-1 1
+1 3
+11 2
+2 3
-2 2
+1 4
+1 1
cfi=(24)
cfn=(124)
calls=1 198 
* 9703
+10 1
+1 1
-1 1
+1 1
+3 2
+3 1
cfn=(140) security_init
calls=1 848 
* 32
+2 2
2093 3
2239 1
+2 7
+6 1
-6 1
+6 1
+9 4
+1 1
+5 2
cfi=(32)
cfn=(162)
calls=1 380 
* 283
+4 2
+8 4
+15 1
+2 1
+1 1
-3 1
+3 3
-3 1
+3 1
cfi=(35) /build/buildd/eglibc-2.11.1/elf/dl-reloc.c
cfn=(144) _dl_relocate_object
calls=1 158 
* 7290
+1 1
+2 9
+8 1
cfi=(7)
cfn=(164)
calls=1 251 
* 1
+4 3
+20 3
cfi=(23)
cfn=(68)
calls=1 52 
* 9
+1 1
+1 1
cfi=(23)
cfn=(70)
calls=1 77 
* 1
+4 1
cfi=(31)
cfn=(166)
calls=1 306 
* 15
+5 8
2149 2
+4 4
+48 2
+7 1
-7 1
+7 1
+3 29
+3 4
+22 7
+2 14
-18 14
+2 14
+6 21
+1 42
cfi=(35)
cfn=(144)
calls=6 158 
* 1206008
+4 18
+1 4
cfi=(32)
cfn=(160)
calls=2 820 
* 40
* 2
1828 2
1412 4
-11 4
1768 9
+4 3
+1 1
+1 2
+1 2
1663 59
cfi=(15)
cfn=(42)
calls=1 56 
* 67
* 1
+3 4
+3 3
cfi=(14)
cfn=(66)
calls=1 320 
* 909
* 3
cfi=(14)
cfn=(66)
calls=1 320 
* 9
* 6
+1 4
+3 4
cfn=(72) do_preload
calls=1 800 
* 2277
* 2
+2 1
+2 12
2224 1
+1 1
-3 2
1857 1
cfn=(134) init_tls
calls=1 780 
* 642
* 2

fn=(24)
2494 1
+8 2
-8 4
+23 1
-23 4
+8 1
-8 1
+8 2
-7 1
+6 2
fi=(72) /build/buildd/eglibc-2.11.1/elf/../sysdeps/unix/sysv/linux/dl-librecon.h
32 1
fe=(2)
2501 1
-6 1
fi=(72)
32 2
fe=(2)
2504 2
cfi=(11) /build/buildd/eglibc-2.11.1/elf/dl-environ.c
cfn=(26) _dl_next_ld_env_entry
calls=1 31 
* 48
* 4
cfi=(11)
cfn=(26)
calls=2 31 
* 252
* 9
+4 6
-4 2
+4 38
+1 19
-1 57
+9 12
2666 1
-4 1
+4 1
-4 1
+4 1
+30 2
+21 8
2591 17
-53 5
+7 12
+2 2
+1 1
+45 2
+1 1

fn=(72)
800 6
+6 1
+1 1
+6 5
-11 1
+6 1
+1 1
+2 1
+2 1
cfi=(24)
cfn=(74)
calls=1 160 
* 2249

ob=(4)
fl=(45) /build/buildd/eglibc-2.11.1/elf/soinit.c
fn=(206) __libc_global_ctors
19 1
+7 1
-7 5
+1 1
cfi=(46) /build/buildd/eglibc-2.11.1/string/../sysdeps/x86_64/cacheinfo.c
cfn=(208) init_cacheinfo
calls=1 487 
* 6258
-1 1
+1 1
cfi=(49) /build/buildd/eglibc-2.11.1/elf/dl-altinit.c
cfn=(220) dlinit_alt
calls=1 +13 
* 4
-1 6
+10 2

fl=(49)
fn=(220)
33 3
+1 1

fl=(39)
fn=(194)
52 6
+6 1
-6 2
+6 2
+17 1
-2 1
+1 1
fi=(41) /build/buildd/eglibc-2.11.1/csu/../sysdeps/unix/sysv/linux/x86_64/init-first.c
-41 2
fe=(39)
+42 1
fi=(41)
-42 2
fi=(40) /build/buildd/eglibc-2.11.1/csu/../sysdeps/generic/dl-hash.h
+2 3
fe=(39)
+32 1
-9 1
+9 4
fi=(40)
-29 1
-1 2
+1 3
+3 1
-1 3
+1 3
fi=(41)
-8 2
+2 2
-2 1
+2 1
cfi=(42) /build/buildd/eglibc-2.11.1/elf/../sysdeps/unix/sysv/linux/dl-vdso.c
cfn=(200) _dl_vdso_vsym
calls=1 -8 
* 8
+8 1
-5 2
+5 1
-5 1
+2 2
+1 1
+2 1
cfi=(42)
cfn=(200)
calls=1 -16 
* 8
fe=(39)
+46 3
fi=(41)
-45 2
+1 1
fe=(39)
+44 1
cfi=(43) /build/buildd/eglibc-2.11.1/misc/init-misc.c
cfn=(202) __init_misc
calls=1 -58 
* 58
+8 1
cfi=(45)
cfn=(206)
calls=1 -78 
* 6280
+2 6
fi=(40)
-55 1
-1 3
+1 3
+2 4
+1 5
+3 4
-3 1
+4 2
+13 1
+1 2
-18 2
+3 12
-3 3
+4 6
+13 3
+1 6
-18 8
fe=(39)

fl=(62) /build/buildd/eglibc-2.11.1/libio/ioputs.c
fn=(448) puts
35 5
+2 1
cfi=(63) /build/buildd/eglibc-2.11.1/string/../sysdeps/x86_64/multiarch/../strlen.S
cfn=(450) __GI_strlen
calls=1 -11 
* 22
+1 1
-1 1
+1 17
+3 4
+2 5
cfi=(64) /build/buildd/eglibc-2.11.1/libio/fileops.c
cfn=(452) _IO_file_xsputn@@GLIBC_2.2.5
calls=1 1296 
* 977
-3 1
+3 1
-3 1
fi=(70) /build/buildd/eglibc-2.11.1/libio/libioP.h
984 2
+1 11
fe=(62)
48 6
-5 2
-3 2
+4 6
-1 2
cfi=(65) /build/buildd/eglibc-2.11.1/libio/genops.c
cfn=(472) __overflow
calls=1 246 
* 139
-3 4

fl=(65)
fn=(470) _IO_default_xsputn
452 1
+3 2
-3 3
+1 1
-1 3
+1 1
+2 2
+5 64
+25 92
cfi=(64)
cfn=(454) _IO_file_overflow@@GLIBC_2.2.5
calls=15 837 
* 495
* 45
+2 15
+1 15
+1 2
+1 6

fn=(466) _IO_setb
404 8
+1 2
-1 2
+1 4
+4 2
-2 2
+1 2
+1 2
+4 8
-3 4

fn=(496) _IO_switch_to_get_mode
188 2
-1 2
+1 1
+3 3
+5 1
-1 2
+1 1
+7 1
-4 1
+2 3
+2 1
+2 2

fn=(472)
246 3
+2 3
cfi=(64)
cfn=(454)
calls=1 837 
* 133

fn=(456) _IO_doallocbuf
419 2
+1 2
-1 2
+1 2
+6 4
-4 4
+1 6
cfi=(66) /build/buildd/eglibc-2.11.1/libio/filedoalloc.c
cfn=(458) _IO_file_doallocate
calls=2 88 
* 167
* 4

fn=(490) __uflow
368 1
+2 1
-2 1
+2 3
+6 3
+3 4
+2 3
+6 2
+5 2
+2 2
+1 1
-1 2
cfn=(492) _IO_default_uflow
calls=1 +46 
* 183

fn=(492)
440 1
-1 2
+1 1
cfi=(64)
cfn=(494) _IO_file_underflow@@GLIBC_2.2.5
calls=1 545 
* 171
+1 2
+2 4
+1 2

fl=(46)
fn=(208)
487 4
+13 3
673 5
501 1
cfi=(47) /build/buildd/eglibc-2.11.1/csu/../sysdeps/x86_64/multiarch/init-arch.c
cfn=(210) __init_cpu_features
calls=1 49 
* 44
* 1
+6 2
+2 3
cfn=(212) handle_intel
calls=1 256 
* 2197
+4 2
-4 1
+4 1
cfn=(212)
calls=1 256 
* 2211
+2 1
-2 1
+2 2
+12 1
+17 1
-18 1
+1 1
+10 3
+7 1
-7 1
+7 2
+7 6
+6 2
-6 8
+6 4
+3 15
+2 1
+6 6
+7 1
-7 1
+11 2
+27 2
+56 2
+2 1
+1 1
-1 2
+4 2
+2 1
+1 1
-1 3
-63 7
-88 3
cfn=(212)
calls=1 256 
* 1694
* 3

fn=(214) intel_check_word
163 132
+1 24
+8 12
-2 72
+16 66
+9 2
-1 1
+28 5
-1 1
+1 1
cfi=(48) /build/buildd/eglibc-2.11.1/stdlib/bsearch.c
cfn=(216) bsearch
calls=1 27 
* 153
* 145
-1 29
+1 29
cfi=(48)
cfn=(216)
calls=29 27 
* 4845
+2 60
+2 28
+14 10
+6 28
-74 56
+2 30
+2 60
-4 10
+79 80
-10 4
-13 2
+2 4
+2 2
+19 16

fn=(218) intel_02_known_compare
152 784
+3 378
+1 196

fn=(212)
256 24
+1 12
+7 3
+1 9
+8 6
+5 3
-5 6
+5 3
+7 15
cfn=(214)
calls=3 163 
* 2415
+1 6
+3 15
cfn=(214)
calls=3 163 
* 1791
+1 6
+3 15
cfn=(214)
calls=3 163 
* 69
+1 6
+3 15
cfn=(214)
calls=3 163 
* 1632
+1 6
-31 2
+13 3
+1 3
-1 6
+22 7
+5 24

fl=(42)
fn=(200)
27 2
+1 4
+4 4
+14 2
+4 4

fl=(58) /build/buildd/eglibc-2.11.1/setjmp/../sysdeps/x86_64/bsd-_setjmp.S
fn=(432) _setjmp
34 1
+2 1
cfi=(59) /build/buildd/eglibc-2.11.1/setjmp/../sysdeps/x86_64/setjmp.S
cfn=(434) __sigsetjmp
calls=1 -10 
* 27

fl=(66)
fn=(458)
88 8
+15 12
cfi=(64)
cfn=(460) _IO_file_stat
calls=2 1233 
* 28
* 4
+2 8
+11 3
+1 6
+3 12
cfi=(68) /build/buildd/eglibc-2.11.1/misc/../sysdeps/unix/syscall-template.S
cfn=(464) mmap
calls=2 -38 
* 12
* 6
+1 8
cfi=(65)
cfn=(466)
calls=2 404 
* 36
* 2
+2 8
-13 1
-2 9
+8 1
-3 1
+3 2

fl=(67) /build/buildd/eglibc-2.11.1/io/../sysdeps/unix/sysv/linux/wordsize-64/fxstat.c
fn=(462) _fxstat
37 2
-1 2
+1 2
+1 12
+4 2

fl=(63)
fn=(450)
26 1
+1 1
+1 1
+1 1
+1 1
+1 1
+1 1
+1 1
+1 1
+1 1
+1 1
+1 1
+2 1
+1 1
+1 1
+1 1
+1 1
+1 1
+2 1
+1 1
+1 1
+1 1

fl=(68)
fn=(464)
82 10
+1 2

fl=(69) /build/buildd/eglibc-2.11.1/io/../sysdeps/unix/syscall-template.S
fn=(500) read
82 2
cfn=(502) __read_nocancel
calls=1 * 
* 5

fn=(476) write
82 2
cfn=(478) __write_nocancel
calls=1 * 
* 5

fn=(502)
82 5

fn=(478)
82 5

fl=(47)
fn=(210)
49 1
-5 1
+5 1
+3 1
-3 1
+3 5
+42 2
-63 1
+23 1
-23 2
+6 1
-6 1
+6 1
-6 1
+29 1
-22 1
-1 1
+23 1
-22 1
+22 1
-29 1
+7 1
+23 1
-24 1
+1 1
+23 1
+5 2
+2 1
+1 1
-1 1
+1 7

fl=(64)
fn=(452)
1296 2
+6 1
-6 6
+6 1
-6 2
+6 1
+7 1
-12 1
+12 3
+17 5
+32 4
cfn=(454)
calls=1 837 
* 172
* 2
+7 2
+1 6
+2 3
+11 2
+1 4
cfi=(65)
cfn=(470)
calls=1 452 
* 747
* 2
+2 2
+1 8

fn=(460)
1233 2
+2 6
cfi=(67)
cfn=(462)
calls=2 37 
* 20

fn=(474) _IO_file_write@@GLIBC_2.2.5
1269 1
+2 1
-2 6
+2 1
-2 1
+2 2
+11 1
-11 2
+2 2
+3 4
cfi=(69)
cfn=(476)
calls=1 82 
* 7
+1 2
+9 3
+3 6
-6 3

fn=(498) _IO_file_read
1208 1
+1 2
+2 1
+1 1
-1 1
cfi=(69)
cfn=(500)
calls=1 82 
* 7

fn=(454)
837 85
+1 17
-1 17
+1 34
+7 98
+35 34
+3 32
+3 16
+1 16
-1 32
+1 64
+5 16
+1 80
-45 2
+12 3
+9 2
+4 1
+4 1
-1 1
-5 1
+1 1
+4 1
-3 1
+1 1
+3 1
-3 2
+3 3
+1 4
+3 1
+12 3
-12 1
+12 1
-12 1
cfn=(468) _IO_do_write@@GLIBC_2.2.5
calls=1 501 
* 17
+6 3
+3 1
-1 3
cfn=(468)
calls=1 501 
* 91
* 2
-39 2
cfi=(65)
cfn=(456)
calls=1 419 
* 102
+1 6

fn=(468)
501 12
+1 2
-1 4
+1 4
+2 12
+11 3
+7 4
+8 5
cfn=(474)
calls=1 1269 
* 42
+1 1
-1 1
+1 2
+5 1
-2 1
+2 1
-2 3
+1 2
+1 1
-34 1
+34 1
-34 1
+29 2
+5 2

fn=(494)
545 4
+8 3
+6 3
+3 2
+13 2
+20 2
cfi=(65)
cfn=(496)
calls=1 188 
* 20
+6 1
+5 4
-5 2
+1 1
+1 3
+3 1
cfn=(498)
calls=1 1208 
* 13
+2 2
+10 1
-3 1
+3 2
+2 2
+1 4
-56 3
+5 2
cfi=(65)
cfn=(456)
calls=1 419 
* 91
* 2

fl=(59)
fn=(434)
26 1
+2 1
+1 2
+1 1
+4 1
+1 1
+1 1
+1 1
+1 1
+2 2
+2 1
+1 1
+2 2
+2 1
+9 1
cfi=(60) /build/buildd/eglibc-2.11.1/setjmp/sigjmp.c
cfn=(436) __sigjmp_save
calls=1 -26 
* 9

fl=(48)
fn=(216)
27 390
+7 468
+2 196
+2 196
-2 196
+1 784
+1 392
cfi=(46)
cfn=(218)
calls=196 152 
* 1358
+1 392
+2 70
+1 63
-8 211
+14 99
-14 12
+14 171

fl=(71) /build/buildd/eglibc-2.11.1/libio/getchar.c
fn=(488) getchar
37 162
-2 162
+2 2754
+1 969
fi=(70)
984 324
+1 1782
fe=(71)
41 486
-3 2
cfi=(65)
cfn=(490)
calls=1 368 
* 208
* 2

fl=(44) /build/buildd/eglibc-2.11.1/string/../sysdeps/x86_64/multiarch/../strrchr.S
fn=(204) __GI_strrchr
26 1
+1 1
+1 1
+1 1
+1 1
+1 1
+1 1
+1 1
+1 1
+1 1
+1 1
+1 1
+1 1
+1 1
+1 1
+1 1
+1 1
+1 1
+1 1
+1 1
+1 1
+1 1
+1 1
+13 1
+1 1
+1 1
+1 1
+7 1
+1 1
+1 1
+1 1
+1 1
+1 1
+1 1

fl=(55)
fn=(362) __new_exitfn
73 3
+6 3
-6 3
+6 15
+2 15
+2 9
+1 10
-3 1
+10 1
-10 3
+13 4

ob=(1)
fl=(2)
fn=(72)
814 2
+2 3
+12 5

fn=(76)
794 26

fn=(134)
780 1
-56 1
-4 1
-2 1
+2 1
+4 1
+60 3
-54 1
+3 4
cfi=(14)
cfn=(32)
calls=1 111 
* 37
+12 1
-12 1
+7 1
+1 1
+4 1
+2 5
+2 14
+4 2
+2 2
-2 4
-5 2
-1 4
+1 5
-1 11
+10 2
+3 1
cfi=(32)
cfn=(136)
calls=1 116 
* 101
+7 1
cfi=(32)
cfn=(138)
calls=1 332 
* 418
+1 1
-1 1
+1 1
+6 1
+4 1
-4 1
+4 6
+3 1
+2 1

fn=(140)
848 4
+2 1
fi=(34) /build/buildd/eglibc-2.11.1/elf/../sysdeps/unix/sysv/linux/dl-osinfo.h
68 1
+4 1
+3 2
+48 7
fe=(2)
852 1
+6 3
+2 1
fi=(34)
132 2
+11 1
fe=(2)
863 1
+2 1
+6 1
+1 5

fl=(11)
fn=(26)
31 3
+3 11
+2 88
+11 42
-13 127
+17 1
-14 20
+5 2
-3 2
+3 2
+2 2

fl=(35)
fn=(144)
158 42
+10 14
-10 21
+14 7
-14 14
+14 7
+1 35
+6 14
+6 21
+4 14
+8 21
+45 7
fi=(5)
96 14
fe=(35)
242 14
fi=(5)
96 7
+39 3
fe=(35)
268 200
156 12
fi=(5)
295 6
fe=(35)
-27 6
fi=(5)
+27 6
fi=(4)
65 6
-8 6
+1 6
+1 6
+6 6
fe=(35)
268 2
156 2
fi=(5)
295 1
fe=(35)
-27 1
fi=(5)
+27 1
fi=(4)
65 1
-8 1
+1 1
+1 1
+6 8
-8 7
+1 7
+1 7
+6 7
+3 20
fi=(5)
476 6
-1 12
+4 12
-3 670
-1 1340
+4 1340
+2 2028
+1 676
fi=(4)
68 2028
fe=(35)
268 105
+3 21
+40 7
+3 14
+13 14
+1 14
cfn=(158) _dl_protect_relro
calls=7 +8 
* 175
* 7
+1 56
fi=(5)
135 12
-39 12
+6 12
+4 18
+13 6
-8 6
+8 12
+13 6
+3 6
-3 6
+3 18
fe=(35)
+51 21
+82 9
fi=(4)
75 7
+2 7
-2 14
+1 7
+1 62
+14 6
-12 6
+12 13
-12 1
+12 2
+10 14
+10 21
+4 6
+2 6
-2 6
+2 6
fi=(5)
296 18
fi=(4)
119 12
+1 6
+2 12
-2 6
-1 6
fi=(5)
267 6
fi=(4)
119 6
fi=(5)
270 6
fi=(4)
119 6
+1 18
fi=(5)
270 6
fi=(4)
119 4252
+1 2126
+2 4252
-2 2126
-1 2126
fi=(5)
267 2126
fi=(4)
119 2126
fi=(5)
270 2126
fi=(4)
119 2126
+1 6378
fi=(5)
270 2126
+18 4264
+7 36852
fi=(4)
120 2326
fi=(5)
295 3489
fi=(4)
120 1163
fi=(5)
295 4673
fi=(4)
120 14
fi=(5)
295 21
fi=(4)
120 7
fi=(5)
295 14068
cfi=(6)
cfn=(150)
calls=1170 698 
* 1014652
* 4680
+1 6396
+4 2122
-4 4244
+4 6366
+9 12792
+85 2118
fi=(4)
117 4236
fi=(5)
394 2118
fi=(4)
117 2124
fi=(5)
377 30
+4 30
+5 20
fi=(4)
117 10
fi=(5)
386 20
fi=(4)
117 20
fi=(5)
335 3
+1 2
fi=(4)
117 1
fi=(5)
336 1
fi=(4)
117 2
fi=(5)
327 6
+1 3
fi=(4)
117 3
fi=(5)
328 3
fi=(4)
117 6
fi=(5)
295 14
fi=(4)
104 18
fi=(5)
466 5
fi=(4)
105 5
fi=(5)
466 10
+1 10
fi=(4)
104 5
fi=(5)
465 5
fi=(4)
104 5
fi=(5)
467 5
fi=(4)
104 5
fi=(5)
467 3372
fi=(4)
104 1686
fi=(5)
465 1686
fi=(4)
104 1686
fi=(5)
467 1686
fi=(4)
104 1686
fi=(5)
466 1686
fi=(4)
105 1686
fi=(5)
466 1686
fi=(4)
127 5
+1 2
+1 2
-1 1
fi=(5)
267 1
fi=(4)
128 1
fi=(5)
270 1
fi=(4)
128 3
fi=(5)
270 1
fi=(4)
128 4
+1 4
-1 2
fi=(5)
267 2
fi=(4)
128 2
fi=(5)
270 2
fi=(4)
128 6
fi=(5)
270 2
+18 6
+7 117
cfi=(6)
cfn=(150)
calls=3 698 
* 2056
* 12
+1 9
+4 1
-4 2
+4 3
+9 18
+85 9
fi=(4)
127 10
fi=(5)
295 23749
fe=(35)

fn=(158)
336 7
-2 14
+1 14
+1 21
+2 14
+2 14
+1 21
cfi=(21)
cfn=(98)
calls=7 82 
* 35
-1 14
+7 21

fl=(53)
fn=(354)
30 4
+2 4
+1 4
+1 4
+1 4
+1 4
+1 4
+1 4
+1 4
+1 4
+1 4
cfi=(54)
cfn=(356)
calls=4 +32 
* 4899

ob=(4)
fl=(55)
fn=(362)
119 2
+1 2
-1 2
+1 2
-1 2
+7 2
+1 2
+3 4
-4 1
+1 1
+3 8
+3 9
-35 2
+14 1
+1 2
-32 2

fn=(360)
57 6
-22 3
+22 15
-22 3
cfn=(362)
calls=3 +38 
* 111
+2 9
+4 6
+3 3
-1 3
+2 3
+2 6
+12 18

fl=(60)
fn=(436)
30 1
-1 2
+1 2
+5 1
-5 1
+5 2

fl=(43)
fn=(202)
31 3
+1 1
-1 1
+1 4
+2 3
cfi=(44)
cfn=(204)
calls=1 -8 
* 34
+1 2
+3 3
+1 3
+2 4

fl=(57) /build/buildd/eglibc-2.11.1/csu/libc-start.c
fn=(408) (below main)
96 7
+10 1
-10 3
+10 3
+52 1
-52 1
+52 1
+1 4
cfi=(55)
cfn=(360)
calls=1 57 
* 62
+22 4
+3 2
+1 5
cob=(8)
cfi=(56)
cfn=(410) __libc_csu_init
calls=1 0 
* 54

ob=(1)
fl=(53)
fn=(354)
42 4
+1 4
+1 4
+1 4
+1 4
+1 4
+1 4
+1 4
+1 4
+2 4

fl=(30)
fn=(112)
37 4
-1 4
+1 4
+1 24
+4 1

ob=(4)
fl=(57)
fn=(408)
189 4
+15 2
+9 2
cfi=(58)
cfn=(432)
calls=1 34 
* 29

ob=(1)
fl=(30)
fn=(112)
38 12

ob=(4)
fl=(57)
fn=(408)
214 2
+5 2
+1 2
+3 2
+3 5
cob=(8)
cfi=(61) /home/jirka/testc/sudoku/main.cpp
cfn=(438) main
calls=1 454 
* 76306039
106 2

ob=(8)
fl=(56)
fn=(420) 0x0000000000400710
0 6

fn=(414) 0x000000000040067c
0 6

fn=(426) 0x00000000004019d0
0 11

fn=(400)
0 11
cob=(4)
cfi=(57)
cfn=(408)
calls=1 96 
0 76306239
cob=(1)
cfi=(53)
cfn=(354)
calls=1 30 
0 1350

fn=(410)
0 15
cob=(2)
cfi=(13)
cfn=(412) 0x00000000004005b8
calls=1 0 
0 29
0 10

fl=(61)
fn=(438)
454 5
+1 1
+2 1
cfn=(440) nactiSudoku()
calls=1 283 
* 71071
* 4
+5 1
cfn=(520) hotovoP()
calls=1 157 
* 44
* 4
+2 1
cfn=(522) tipuj()
calls=1 -55 
* 76234907

fn=(442) vynulujPole()
67 2
+1 2
+1 18
+1 810
-1 441
-1 49
+5 2

fn=(508) setRes(int, int, int)
84 34866
+4 34866
cfn=(510) setF(int, int, int)
calls=5811 -42 
* 98787
+1 52299
+1 29055
cfn=(512) fillArroundF(int, int)
calls=5811 +30 
* 67519395
+3 11620

fn=(514) getF(int, int)
39 5159568
+2 11609028
+1 2579784

fn=(516) remO(int, int, int)
98 671902
+1 479930
cfn=(514)
calls=95986 -60 
* 1439790
* 95986
+4 479930
+2 287958
+1 145878
cfn=(510)
calls=24313 -60 
* 413321
+1 413321
+2 267443
+1 26300
cfn=(513) fillArroundF(int, int)'2
calls=5260 +10 
* 54925762
+5 383940

fn=(517) remO(int, int, int)'2
98 3041878
+1 2172770
cfn=(514)
calls=434554 -60 
* 6518310
* 434554
+4 2172770
+2 1303662
+1 422052
cfn=(510)
calls=70342 -60 
* 1195814
+1 1195814
+2 773762
+1 111590
cfn=(513)
calls=22318 +10 
* 184074388
+5 1738196

fn=(512)
120 29055
+1 29055
cfn=(514)
calls=5811 -82 
* 87165
* 5811
+4 63921
+1 63921
+2 11622
+1 133455
+1 236898
cfn=(516)
calls=39483 -32 
* 28311405
+1 197415
cfn=(518) isEmpty(int, int)
calls=39483 -54 
* 1223973
* 157932
+1 3056
+4 128871
+1 229410
cfn=(516)
calls=38235 -39 
* 26176740
+1 191170
cfn=(518)
calls=38234 -61 
* 1185254
* 152936
+1 1404
+3 464794
+1 633810
+2 210168
+1 109608
cfn=(516)
calls=18268 -48 
* 5543316
+1 211270
cfn=(518)
calls=42254 -70 
* 1309874
* 169016
+1 1322
-20 231209
+24 2919
+1 11620

fn=(513)
120 137890
+1 137890
cfn=(514)
calls=27578 -82 
* 413670
* 27578
+4 303358
+1 303358
+2 55156
+1 597975
+1 1072860
cfn=(517)
calls=178810 -32 
* 93716745
+1 894040
cfn=(518)
calls=178808 -54 
* 5543048
* 715232
+1 11258
+4 581079
+1 1040112
cfn=(517)
calls=173352 -39 
* 89638827
+1 866745
cfn=(518)
calls=173349 -61 
* 5373819
* 693396
+1 8102
+3 2086029
+1 2844585
+2 938799
+1 494352
cfn=(517)
calls=82392 -48 
* 21799988
+1 948195
cfn=(518)
calls=189639 -70 
* 5878809
* 758556
+1 6422
-20 1042452
+24 14681
+1 55144

fn=(506) nactiZnak(int)
275 324
+1 81
cob=(4)
cfi=(71)
cfn=(488)
calls=81 37 
* 3321
* 81
+1 243
+4 162

fn=(510)
46 502330
+1 1004660
+3 200932

fn=(522)
409 4
+1 1
+11 5
cfn=(524) getNedokonceny4(int*, int*)
calls=1 200 
* 3789
* 4
+5 5
cfn=(514)
calls=1 39 
* 15
* 1
+2 2
+2 8
+1 2
+2 4
cfn=(526) copySudoku(Opt (*) [9], Opt (*) [9])
calls=1 318 
* 474
+2 6
cfn=(508)
calls=1 84 
* 2706
* 4
+1 1
cfn=(520)
calls=1 157 
* 44
* 4
+7 1
cfn=(523) tipuj()'2
calls=1 -34 
* 76227823
-15 4

fn=(523)
409 11608
+1 2902
+11 14510
cfn=(524)
calls=2902 200 
* 1103884
* 11608
+5 14510
cfn=(514)
calls=2902 39 
* 43530
* 2902
+2 5804
+2 208376
+1 52094
+2 23172
cfn=(526)
calls=5793 318 
* 2745882
+2 34758
cfn=(508)
calls=5793 84 
* 67722133
* 23168
+1 2901
cfn=(520)
calls=2901 157 
* 1270069
* 11604
+7 2901
cfn=(523)
calls=2901 -34 
* 1025226416
* 2884
+4 11536
cfn=(526)
calls=2884 318 
* 1367016
* 11564
cfn=(526)
calls=2891 318 
* 1370334
-19 141753
+23 2884
+1 11536

fn=(520)
157 8709
+1 5806
+1 11336
+1 199850
cfn=(514)
calls=39970 39 
* 599550
* 199850
+1 5806
-2 208007
-1 25437
+9 5806

fn=(526)
318 46276
+1 46276
+1 46276
+1 46276
+1 46276
+1 46276
+1 46276
+1 46276
+1 46276
+1 46276
+1 69414
+1 69414
+1 69414
+1 69414
+1 69414
+1 69414
+1 69414
+1 69414
+1 69414
+1 69414
+1 69414
+1 69414
+1 69414
+1 69414
+1 69414
+1 69414
+1 69414
+1 69414
+1 69414
+1 69414
+1 69414
+1 69414
+1 69414
+1 69414
+1 69414
+1 69414
+1 69414
+1 69414
+1 69414
+1 69414
+1 69414
+1 69414
+1 69414
+1 69414
+1 69414
+1 69414
+1 69414
+1 69414
+1 69414
+1 69414
+1 69414
+1 69414
+1 69414
+1 69414
+1 69414
+1 69414
+1 69414
+1 69414
+1 69414
+1 69414
+1 69414
+1 69414
+1 69414
+1 69414
+1 69414
+1 69414
+1 69414
+1 69414
+1 69414
+1 69414
+1 69414
+1 69414
+1 69414
+1 69414
+1 69414
+1 69414
+1 69414
+1 69414
+1 69414
+1 69414
+1 69414
+1 69414
+8 23138

fn=(440)
283 3
+1 1
+2 1
cfn=(442)
calls=1 67 
* 1324
+2 2
cob=(4)
cfi=(62)
cfn=(448)
calls=1 35 
* 1210
cob=(1)
cfi=(53)
cfn=(354)
calls=1 30 
* 1149
+2 2
+2 18
+1 81
cfn=(482) nactiCislo()
calls=81 -31 
* 5712
* 81
+3 162
+1 17
+1 153
cfn=(508)
calls=17 84 
* 56049
* 68
+7 162
+1 18
cfn=(506)
calls=9 -31 
* 468
* 9
+2 144
cfn=(506)
calls=72 -33 
* 3744
-16 441
-2 49
+23 1
+1 2

fn=(482)
262 243
+1 81
cob=(4)
cfi=(71)
cfn=(488)
calls=81 37 
* 3530
cob=(1)
cfi=(53)
cfn=(354)
calls=1 30 
* 1206
* 81
+1 162
+1 128
+1 68
+1 51
+4 162

fn=(518)
77 3308835
+1 3308835
cfn=(514)
calls=661767 -39 
* 9926505
* 2647068
+1 1323534

fn=(524)
200 14515
+3 2903
+1 8709
+1 2903
+1 7612
+1 362491
cfn=(514)
calls=21323 39 
* 319845
* 42646
+1 42646
+1 43500
+1 8700
+2 5800
+1 86983
+1 2350
+1 17625
+1 3525
-10 107339
-1 21763
+15 3
+1 9
+1 5806

ob=(2)
fl=(13)
fn=(174)
0 2
cob=(3) /usr/lib/valgrind/vgpreload_core-amd64-linux.so
cfi=(38) ???
cfn=(176) 0x0000000000000510
calls=1 0 
0 6
0 1
cob=(3)
cfi=(38)
cfn=(182) 0x00000000000005b0
calls=1 0 
0 6
0 1
cob=(3)
cfi=(38)
cfn=(188) 0x0000000000000710
calls=1 0 
0 11
0 2

fn=(222)
0 2
cob=(5)
cfi=(50)
cfn=(224)
calls=1 0 
0 6
0 1
cob=(5)
cfi=(50)
cfn=(230)
calls=1 0 
0 6
0 1
cob=(5)
cfi=(50)
cfn=(236)
calls=1 0 
0 11
0 2

fn=(412)
0 2
cob=(8)
cfi=(56)
cfn=(414)
calls=1 0 
0 6
0 1
cob=(8)
cfi=(56)
cfn=(420)
calls=1 0 
0 6
0 1
cob=(8)
cfi=(56)
cfn=(426)
calls=1 0 
0 11
0 2

fn=(242)
0 2
cob=(6) /lib/libm-2.11.1.so
cfi=(51) ???
cfn=(244) 0x0000000000003ef0
calls=1 0 
0 6
0 1
cob=(6)
cfi=(51)
cfn=(250) 0x0000000000003f90
calls=1 0 
0 6
0 1
cob=(6)
cfi=(51)
cfn=(256) 0x00000000000447c0
calls=1 0 
0 11
0 2

fn=(262)
0 2
cob=(7)
cfi=(52)
cfn=(264)
calls=1 0 
0 6
0 1
cob=(7)
cfi=(52)
cfn=(270)
calls=1 0 
0 6
0 1
cob=(7)
cfi=(52)
cfn=(276)
calls=1 0 
0 1696
0 2

ob=(3)
fl=(38)
fn=(182)
0 6

fn=(176)
0 6

fn=(188)
0 11

ob=(6)
fl=(51)
fn=(250)
0 6

fn=(244)
0 6

fn=(256)
0 11

totals: 77573955
